1,GXchangfen,488.45, 17.91,2.6,6.6, 1046,   19
2,Tw0stzzs,381.43, 10.64,2.9,3.8,  653,    5
3,Kay-_-l_cN,334.51,  0.00,3.0,2.8,  501,    5
4,askuhdiakbs,324.67,  0.00,2.0,4.3,  502,    9
5,oAmeimnTB,320.38,220.38,2.0,2.4,  281,   59
6,LastCricus,312.74,137.66,1.3,3.8,  283,   27
7,ChenXuan2233,285.34, 82.89,1.6,2.5,  246,   12
8,LiYunglongDepao,277.04,  0.00,2.1,6.3,  782,    2
9,Kita0v0,260.53,  0.00,2.4,2.0,  287,   16
10,suxiao7,235.24,  0.00,1.5,3.1,  279,   21
11,sanomiamii,230.65,130.65,1.8,1.7,  183,    6
12,QYQ_QH,229.28,  0.00,1.2,2.3,  164,   19
13,-VsaikouV-,228.87,  0.00,1.7,2.0,  209,    3
14,RaMeaRz2,212.54,  0.00,1.6,1.6,  150,    7
15,sunning2222,212.21, 21.79,1.1,2.6,  170,    5
16,zeroyu458,207.27,  0.00,0.9,4.1,  216,  120
17,caigou442,206.46,  0.00,1.1,1.8,  121,   23
18,520830,204.22,  0.00,1.7,1.9,  196,    8
19,oggiman4936,201.79,  0.00,1.8,1.9,  208,    2
20,HaiDan-OvO,201.33,  0.00,2.2,0.9,  113,    7
21,Evadonia,195.06, 95.06,1.7,1.3,  135,    0
22,BUQIYANDEwaJIAO,193.26,  0.00,2.0,0.8,   92,    3
23,Dengzn,193.20,  0.00,1.7,1.5,  151,   14
24,pengpeng_011,192.85,  0.00,1.5,1.7,  153,    8
25,TankNemesis,190.67, 11.37,1.2,4.2,  296,   16
26,Zxyabao,190.49,  0.00,1.3,1.2,   95,   26
27,weijing49,190.46, 90.46,1.4,1.1,   96,   32
28,jwlbwk,185.59, 85.59,1.4,1.5,  123,    7
29,2579322286,185.02,  0.00,1.6,0.9,   88,    3
30,suCTpp,184.66,  0.00,2.2,1.1,  145,    5
31,meilimao999,180.46, 49.51,1.8,1.5,  170,    0
32,Douyin_aYan521,180.41, 80.41,1.5,1.4,  126,    1
33,Itsuki505-QWQ,179.72, 79.72,1.4,1.3,  116,    8
34,tuonitime,177.10,  0.00,1.7,1.0,  100,    2
35,gege20101122,176.00,  0.00,0.9,2.0,  113,   12
36,Baixiamu,174.24,  0.00,1.2,2.0,  143,    5
37,dxvGg1266,172.20, 72.20,1.7,0.8,   85,    0
38,DavidCog,171.93,  0.00,1.0,0.9,   56,   46
39,SuperRui62,170.97,  0.00,1.0,0.9,   54,    1
40,zicheng6666,170.33,  0.00,1.1,1.2,   81,    2
41,lun-yi-GOD,170.10,  0.00,1.8,1.4,  154,    0
42,Bomura_can,168.37, 68.37,2.5,0.6,   91,    0
43,shshgsig,168.34,  0.00,1.1,1.6,  105,    0
44,AylwenZ,167.44,  0.00,1.9,1.0,  113,   16
45,innx8,167.07,  0.00,2.6,0.7,  112,    4
46,JoaoFelix_1ovo,166.94,  8.53,1.1,2.9,  197,    0
47,EdisonCKTnT,166.93, 66.93,2.5,0.8,  126,    0
48,YRWE444,166.82,  0.00,1.3,0.7,   54,   15
49,Lxidd,165.81,  0.00,1.0,0.8,   51,   28
50,qinmeisu0,164.27,  0.00,1.4,1.5,  130,    6
51,wuqianqing,163.91,  0.00,1.3,0.9,   68,    0
52,DY-dazi,163.56,  0.00,1.1,2.6,  176,    4
53,10_01Scary,163.33, 63.33,0.8,0.8,   40,   59
54,chakies,163.30, 63.30,0.5,2.3,   70,   41
55,MutsuMutsuHeyHey,162.56,  0.00,2.1,0.8,   98,    5
56,123nainai,162.52,  8.45,1.0,1.0,   59,   40
57,Blibili_Qi7,161.38, 61.38,0.6,1.4,   52,   15
58,ZongYuu,160.26,  0.00,1.5,0.6,   54,    0
59,BiGe_BiliBili,159.82,  0.00,1.4,1.3,  109,    3
60,K33R2,159.66,  0.00,2.1,0.8,   98,    4
61,lesliehwan4812,159.62,  0.00,1.0,1.7,  106,   16
62,20181121yjs,158.51,  0.00,1.4,0.7,   59,    1
63,RTXBOX,158.31,  0.00,0.7,2.8,  116,    1
64,Wfj19971,157.72,  0.00,0.9,0.9,   45,   16
65,LeaetCN,157.53, 57.53,1.4,0.7,   55,   10
66,LivelAckermanTnT,157.20,  0.00,2.7,0.6,  105,    2
67,Nilt9,156.75, 56.75,1.0,0.7,   41,   27
68,cnnn008,156.60,  0.00,0.4,0.8,   20,   74
69,wanzhimingggo,156.46, 56.46,0.6,2.2,   84,   11
70,swissroll-mika,156.39,  0.00,1.9,0.8,   87,   11
71,Tempest_Wh,155.56,  0.00,0.9,2.4,  124,   30
72,ZzZz121234x,155.05, 55.05,0.3,1.8,   37,    1
73,Xilusasha,155.02,  0.00,1.3,1.4,  112,    7
74,NoobHao233,154.46,  0.00,1.2,0.9,   64,    8
75,ROUWAN01,154.20, 54.20,1.0,1.4,   85,    9
76,ELaina_KawaiiQAQ,154.04,  8.70,1.2,1.2,   86,   15
77,CuteQizhou,154.02,  0.00,0.8,1.4,   70,    6
78,qyl222,153.60,  0.00,1.3,1.6,  118,   11
79,Mmeik0o,153.52,  0.00,0.9,1.6,   89,    5
80,QAQ_990,153.43,  0.00,1.2,0.7,   51,    0
81,sisizhu11,153.31,  0.00,1.0,0.9,   50,    4
82,IoriSaeki,153.29, 28.48,1.0,1.3,   80,    7
83,PLA_9_Knight,153.20,  0.00,1.1,0.9,   57,    6
84,xz-jiayu,152.64, 52.64,0.9,1.4,   78,    4
85,SAFTGT,152.39,  0.00,0.7,0.7,   27,   69
86,MaleGodFL,152.18, 52.18,1.1,0.7,   44,    2
87,rwby616,151.99,  0.00,1.0,0.9,   51,   19
88,ahaidibwiclka,151.99,  0.00,0.5,0.8,   23,   41
89,Treenewbee11,151.69,  0.00,0.3,2.0,   40,  104
90,zdxrxr,151.02, 51.02,0.5,1.2,   34,   12
91,RDFGDFGCFDGVDF,150.91,  0.00,1.1,1.4,   93,   18
92,19kuaimaide,150.79, 50.79,1.3,0.8,   62,    1
93,Lin_Yun666666,150.78,  0.00,1.8,0.7,   72,   14
94,biubiubiu577,150.69,  0.00,1.0,0.9,   55,    1
95,gudaohuangnina,150.64, 50.64,1.2,1.0,   69,    2
96,Maspyan,150.64,  0.00,1.8,0.7,   76,    0
97,Kugua_YaX,150.47, 50.47,1.3,0.6,   48,    2
98,yanggongchang,149.90,  0.00,1.1,1.6,  108,   35
99,li4918,149.41, 49.41,0.3,2.3,   37,    1
100,YIYng,149.36,  0.00,1.5,0.7,   64,    8
101,LingYeMing,149.32,  0.00,1.5,1.2,  101,    0
102,opponent000,149.27,  0.00,1.7,0.7,   66,    1
103,CYan-010,149.06,  0.00,1.7,0.6,   62,   14
104,asdfafgsd,149.05,  0.00,1.1,1.5,  102,   19
105,MyosotisLJS,148.94,  0.00,1.2,0.9,   66,   21
106,Solitarer,148.75,  0.00,0.3,2.2,   43,    5
107,Playccds,148.59, 48.59,0.6,0.7,   25,   39
108,JeskoAB,148.48,  0.00,2.2,0.7,   87,    0
109,Huix007,148.15,  0.00,1.8,1.1,  118,    3
110,BYK_99,148.08,  0.00,0.3,0.6,   11,   61
111,17_TvT,147.99,  0.00,1.6,0.6,   61,    0
112,Salwen16,147.97,  0.00,0.4,1.6,   42,   38
113,122715285493589,147.94, 47.94,1.0,1.1,   66,   11
114,Steam_myh,147.87,  0.00,1.8,1.2,  132,    1
115,bpwdxpp,147.85,  0.00,0.5,1.7,   52,   29
116,zcx0318,147.68,  0.00,1.0,0.8,   49,    3
117,seinm_0317,147.54,  0.00,1.4,1.7,  148,   30
118,TrueLovePinkIkun,147.39,  0.00,1.6,0.9,   90,    2
119,Kartheisers,147.29,  0.00,1.4,0.7,   57,   25
120,lvzhenggb,146.99,  0.00,1.1,1.2,   78,    1
121,MeiTuanXGZhuangZ,146.87, 46.87,1.3,0.6,   50,   16
122,hanlaosan123,146.58, 46.58,0.9,1.1,   62,    2
123,jinghaifenglang,146.25,  0.00,1.2,0.7,   48,   10
124,BlikeRosey,146.22, 46.22,2.4,0.5,   68,    3
125,liang4879,146.11, 10.90,1.8,1.4,  157,    0
126,henedbs,145.75,  0.00,2.7,0.4,   72,    0
127,sku1997,145.69,  0.00,0.8,2.8,  129,    4
128,Llyina_Moon,145.61,  0.00,1.7,1.6,  161,    0
129,tyc0725,145.46,  0.00,0.8,1.3,   61,   22
130,NiCaiShimaoniang,145.29, 45.29,2.3,0.7,   89,    5
131,1151282,144.77, 44.77,0.6,1.0,   36,   30
132,qbdezizhuan,144.66,  0.00,1.7,0.7,   69,    9
133,Manna0520,144.63,  0.00,1.3,0.8,   63,    2
134,Hiruma07,144.41,  0.00,1.3,1.0,   80,    7
135,00025510,144.37,  0.00,0.3,1.6,   25,   88
136,XT-EZIOO,144.20,  0.00,1.3,0.9,   67,   16
137,ShiKl_NaMi_,143.81,  0.00,1.0,0.7,   39,   44
138,123czl,143.79,  0.00,1.7,1.1,  115,    0
139,-WeiZhuiguBFV-,143.70,  0.00,1.8,0.8,   89,    1
140,T0_Tim_call_peng,143.03,  0.00,1.6,0.7,   69,    7
141,18cmyinbangbang,142.81,  0.00,0.9,0.8,   46,    5
142,Miko5201314,142.77, 42.77,1.0,1.4,   80,   25
143,ForeverNBBB,142.71, 42.71,1.0,0.7,   46,    7
144,Bianman368,142.59,  0.00,0.6,1.6,   61,   58
145,Metrohead11,142.57,  0.00,2.7,0.7,  106,    4
146,Toxictuzzz,142.43, 42.43,1.6,0.4,   42,    1
147,AnGui0808,141.76,  0.00,2.0,0.5,   58,    1
148,xiao-hua-Gg,141.69,  0.00,0.8,1.2,   56,    6
149,poss0ace,141.62,  0.00,1.9,0.7,   81,    5
150,nonoshool,141.39,  0.00,0.6,0.8,   28,   28
151,dongfang61,141.35,  0.00,1.3,1.3,  101,    7
152,dadada456456,141.10,  0.00,1.1,0.8,   51,    5
153,WEkira,140.75,  0.00,0.8,1.3,   57,    1
154,1111TruEelysia,140.43,  0.00,0.3,0.8,   14,   66
155,XXBILIBILIUM,140.06, 40.06,1.4,0.6,   48,    3
156,Nefariousdog,139.91,  0.00,1.5,0.4,   40,    5
157,02withtheFRANXX,139.69,  0.00,0.6,1.4,   47,   19
158,CP3_NSB,139.61,  0.00,0.6,1.4,   47,    8
159,buzhunsese,139.26,  0.00,0.4,0.7,   18,   46
160,ygh0990,138.65,  0.00,1.6,0.7,   71,    5
161,319-Dazhuang,138.51, 38.51,1.2,0.7,   52,   22
162,DANE1219000,138.26, 38.26,0.9,0.7,   37,    2
163,DAIWENBINN,138.04, 38.04,0.9,1.2,   59,    6
164,laikehuazi1997,137.91,  0.00,3.9,0.3,   79,    2
165,MisteryStar,137.89, 37.89,3.1,0.4,   77,    0
166,WanShui7Hour,137.83,  0.00,1.4,0.8,   68,    2
167,charles8835,137.82,  0.00,0.4,0.7,   17,   60
168,zhangwenbo223,137.81, 37.81,1.0,0.9,   52,   11
169,slidet13,137.29,  0.00,0.6,0.9,   29,   13
170,TCUniversity,136.99,  0.00,0.7,1.4,   64,   22
171,anting3333,136.87,  0.00,0.7,3.1,  129,   10
172,icemangosteen,136.87,  0.00,1.1,1.0,   63,    6
173,AKAbanan,136.67,  0.00,0.7,0.8,   31,   15
174,TokTong,136.47, 36.47,0.6,1.5,   50,    0
175,BlueTreasure,136.45, 36.45,1.1,0.7,   45,    0
176,mopclcll5veh,136.43,  0.00,1.0,0.7,   44,    4
177,nauyeib,136.32,  0.00,1.4,0.6,   49,    3
178,N175,136.11,  0.00,0.7,1.1,   49,   25
179,bucwildx31,135.99,  0.00,0.8,0.6,   31,    1
180,YBZYBZ1997,135.95,  0.00,0.9,1.1,   56,    3
181,Tera7777,135.60,  0.00,1.6,0.6,   53,    0
182,Low-Light37,135.54,  0.00,0.1,1.6,   11,    5
183,996631,135.45, 35.45,0.4,1.4,   35,    8
184,239116,135.40, 35.40,0.3,1.7,   26,   14
185,keepshot,135.37,  0.00,0.2,1.5,   21,   95
186,l-Augenstern-z,135.34,  0.00,1.2,1.1,   84,    3
187,jghchf4zjxii,135.30,  0.00,0.9,1.0,   52,   33
188,Tongxixi10,135.19,  0.00,1.2,0.7,   54,   19
189,buaibuai,135.12,  0.00,1.5,0.5,   43,   13
190,xingjianliu,134.89,  0.00,1.4,0.7,   58,    2
191,wokisa,134.83,  0.00,0.7,0.8,   36,   13
192,allen4s-Cn,134.81,  0.00,1.3,0.5,   41,    0
193,stk5507,134.47,  0.00,1.0,1.1,   65,    0
194,XIYUERDA,134.43,  0.00,0.3,0.9,   18,   37
195,C1314520,134.27, 34.27,0.7,1.4,   63,    2
196,gowhere121,134.21,  0.00,0.7,1.6,   70,    9
197,wwowu,134.15, 34.15,1.6,0.5,   49,    2
198,BearHunter3,134.03,  0.00,0.9,1.8,   96,    0
199,yanzq233,133.98,  0.00,1.4,1.0,   82,    0
200,ShuoXiong,133.86,  0.00,1.0,0.8,   46,    3
201,baganp666,133.84, 33.84,1.0,0.8,   49,   10
202,kjhghj,133.58, 33.58,0.7,1.4,   59,   14
203,STDAWANG,133.48, 33.48,1.6,0.4,   41,    3
204,fengruoting,133.34, 33.34,0.2,0.9,   11,   59
205,Waivet,133.24, 33.24,0.5,1.4,   38,    6
206,Atlantis24,132.95,  0.00,0.3,0.7,   11,   65
207,PretendT0BeHappy,132.73,  0.00,1.0,0.8,   48,    1
208,Belisarius,132.68,  0.00,1.2,0.8,   55,    0
209,ReEthereal,132.68,  0.00,1.0,0.6,   37,   16
210,linghuataitai,132.64,  0.00,1.1,0.8,   53,   19
211,CCTV233dd,132.59,  0.00,0.5,1.3,   42,    0
212,HONGfromChina,132.39,  0.00,1.2,0.5,   32,   23
213,WwYwWy3,132.32, 32.32,0.9,1.0,   54,    5
214,Reviewo0,132.15,  0.00,0.9,0.5,   30,    3
215,sbyyzjyu,131.68, 31.68,1.4,0.5,   41,    2
216,fenng123123,131.65, 31.65,0.2,1.4,   14,    7
217,KadodyesZ,131.31,  0.00,0.6,0.9,   32,   14
218,xrm--qq,131.27,  0.00,1.2,0.7,   53,    0
219,Ning11451,131.26,  0.00,1.0,1.6,   96,   19
220,VBGDCGNF,131.23,  0.00,1.4,0.6,   50,    1
221,Soldier_yzt,131.19,  0.00,1.4,0.3,   29,    0
222,Dransgods,131.17, 31.17,1.0,0.5,   33,    3
223,yunlonner,131.07,  0.00,1.3,0.5,   40,    7
224,xianyuJPG,130.89,  0.00,1.5,0.6,   53,    8
225,ZJGJGJG,130.78,  0.00,1.4,0.7,   55,    0
226,Hunrten,130.60, 30.60,0.5,1.0,   28,    1
227,olhmaa,130.57, 30.57,1.1,0.5,   33,    6
228,wudidelinmou,130.57, 30.57,0.6,1.2,   41,    4
229,feituggg,130.48,  0.00,0.3,1.4,   28,    1
230,AviciiEve,130.36, 30.36,1.1,0.6,   38,    0
231,flybaimo,130.33,  0.00,0.8,0.8,   42,    3
232,YLinhu,130.29, 30.29,0.4,1.0,   25,    2
233,taibaijinxin0706,130.23,  0.00,0.8,1.3,   62,    0
234,dyljzlp,129.95,  0.00,1.5,0.7,   65,    5
235,LSPAAAAAA,129.65,  0.00,1.2,0.7,   49,    3
236,M1918Browning,129.57,  0.00,0.7,0.8,   35,    4
237,LLFFQQ666,129.55,  0.00,0.7,1.6,   72,    0
238,goonice,129.50,  0.00,1.9,0.8,   97,    1
239,yuzhaoheng,129.36,  0.00,1.4,0.6,   50,    3
240,wfin999,129.27,  0.00,0.8,1.5,   74,    6
241,zipeiwosi,129.21,  0.00,1.3,0.7,   54,    1
242,fehgfwfw,129.18,  0.00,4.5,0.3,   84,    6
243,lyh_00j,129.07, 29.07,0.6,1.2,   44,    0
244,YANZIHAN233,128.98,  0.00,0.9,1.5,   76,    3
245,gsl322,128.89,  0.00,0.6,1.6,   55,   20
246,jn196275,128.67,  0.00,0.3,1.9,   29,   73
247,RC-dongyang,128.65,  0.00,0.7,1.3,   54,    2
248,chen20050225,128.53,  0.00,0.7,0.7,   28,    0
249,by20200446,128.36,  0.00,0.7,0.6,   27,   31
250,1712672391,128.25,  0.00,0.7,1.3,   51,   16
251,bdcsa,128.17,  0.00,1.2,0.3,   24,   19
252,wuchao0319,128.09, 28.09,0.8,0.8,   40,   15
253,xiaocai52,128.05,  0.00,0.7,0.6,   27,   17
254,kjhgdfvd,127.87,  0.00,1.2,0.3,   24,    0
255,nih1234nih1234,127.61, 27.61,0.4,0.7,   18,   16
256,emo_yyds_cn,127.59,  0.00,1.0,0.6,   34,    2
257,cai-gou-bu-c,127.53,  0.00,1.9,0.5,   60,    0
258,Ava039,127.35, 27.35,2.3,0.4,   57,    0
259,D-Iuffy,127.24,  0.00,0.9,0.8,   42,    0
260,chineseLIxi,127.20,  0.00,0.7,0.9,   39,   15
261,toduscn,127.12,  0.00,0.5,0.6,   17,   21
262,mayukiadorable,127.04,  0.00,0.7,0.8,   37,    4
263,BZDJMDG,126.98,  0.00,0.3,0.9,   19,    7
264,Qjnw,126.97,  0.00,0.4,1.3,   29,    0
265,lianglong111,126.97,  0.00,1.1,0.6,   38,    1
266,moqion,126.93,  0.00,0.2,1.3,   12,    6
267,hwcsbsbsbsbs,126.91,  0.00,0.6,1.1,   39,    3
268,shabaolianainao,126.90,  0.00,1.0,0.8,   43,    1
269,jsdck1,126.86, 26.86,1.0,0.6,   33,    2
270,971201juanchen,126.85,  0.00,2.2,0.3,   42,    0
271,YOYOBall_XOXO,126.79, 26.79,2.2,0.6,   72,    0
272,AaMahons,126.78,  0.00,1.1,0.7,   45,   22
273,Liangxia_Ent,126.78,  0.00,0.6,1.0,   36,   15
274,hzchb,126.75,  0.00,0.7,1.3,   53,   13
275,crazy_666_Fake,126.56, 26.56,0.6,0.9,   30,    2
276,XGGCR,126.40,  0.00,1.3,0.5,   37,   13
277,alaxiaosi,126.29,  0.00,1.1,0.8,   49,    4
278,naaijw,126.27, 26.27,0.7,0.9,   37,   14
279,cwsjustin,126.22,  0.00,1.3,0.3,   28,    0
280,ChengO621,126.05,  0.00,1.3,0.9,   69,    0
281,pjqp,126.03,  0.00,0.4,3.2,   67,    6
282,wangshuyu1,125.99,  0.00,0.9,0.7,   41,    0
283,likepart163,125.78, 25.78,0.4,0.7,   16,   22
284,lliiaaaa,125.75,  0.00,0.7,1.0,   43,   11
285,Yaddly,125.75,  0.00,0.6,1.2,   40,   44
286,Teriri1118,125.72, 25.72,0.8,0.6,   33,    2
287,WoBuShiXiaoRiBen,125.58,  0.00,1.1,1.2,   73,    2
288,zedill,125.36,  0.00,0.4,0.9,   22,    2
289,fushaoniub,125.34,  0.00,0.4,0.9,   19,    3
290,15736727716,125.31, 25.31,0.9,0.6,   34,    1
291,Eliauk516-FAn,125.31, 25.31,1.7,0.7,   66,    0
292,yuan1719,125.23,  0.00,0.2,0.9,    9,    5
293,aiaknus,125.09,  0.00,0.6,1.3,   44,    6
294,Z-Q-M-X-Skr,124.96, 24.96,0.8,0.9,   42,    7
295,xianren_weiyang,124.88,  0.00,1.4,0.3,   29,    0
296,LVzcai,124.77,  0.00,1.2,0.6,   46,    0
297,Enemy52,124.70,  0.00,0.2,0.9,   12,   12
298,PoPokill,124.65,  0.00,1.1,0.7,   45,   10
299,zzbbaa123,124.60,  0.00,0.9,0.7,   34,    2
300,iaaqmasd79xg,124.60,  0.00,0.3,1.2,   25,    2
301,daofaziran68468,124.47, 24.47,0.5,1.0,   30,    2
302,vd8p8j0mhf1x,124.45,  0.00,0.4,0.9,   21,    9
303,linchenmark,124.41, 24.41,1.1,0.7,   45,    0
304,Arigatowu,124.35, 24.35,2.0,0.5,   66,    0
305,b4y0y23l5tqf,124.35, 24.35,0.3,0.9,   15,    7
306,ikunfox,124.27,  0.00,0.9,0.8,   42,   10
307,molu-yo2,124.24,  0.00,1.1,0.7,   44,    1
308,HMZ7920,124.15, 24.15,0.5,0.8,   24,   12
309,DSBDBSD,124.14, 24.14,1.3,0.3,   27,    5
310,marmaladeC,124.07, 24.07,0.5,0.7,   22,    1
311,9482q90ujbbh,124.04, 18.80,0.9,1.0,   56,    0
312,Fx1n9,124.02, 24.02,0.7,0.8,   34,    1
313,tghygthy,123.89,  0.00,0.6,0.9,   30,    3
314,w14196,123.81,  0.00,1.5,0.3,   26,    0
315,ZBZ11282,123.81,  0.00,0.5,1.1,   35,   20
316,zzj2005326jK,123.77,  0.00,0.3,0.9,   14,    1
317,KeenSphinx0111,123.61,  0.00,1.4,0.6,   51,    6
318,xingxinqing,123.60,  0.00,0.2,0.9,   13,    0
319,saintelmooo,123.58,  0.00,0.9,1.5,   84,   10
320,2004lpsLPS,123.58,  0.00,0.7,0.7,   31,    5
321,mxshushu,123.51,  0.00,1.7,0.3,   27,   11
322,XiHuanqieYouyu,123.39,  0.00,1.0,0.7,   41,   10
323,qazplm9527,123.32,  0.00,0.5,0.9,   27,    0
324,eo1ba42dj84n,123.31,  0.00,0.4,0.9,   21,    6
325,Legeng-CH,123.25,  0.00,1.6,0.6,   55,    1
326,-RoamInTheCloud,123.21,  0.00,1.3,0.3,   21,    1
327,lizxA6A,123.17,  0.00,0.3,0.9,   17,    8
328,huxunhuxunhuxun,123.06, 23.06,0.1,0.9,    4,    1
329,h627903,122.99, 22.99,0.4,0.8,   21,    0
330,xukong93,122.98,  0.00,1.0,0.6,   38,    8
331,A1anLee,122.90,  0.00,0.5,0.7,   22,   10
332,softt_pill,122.88,  0.00,0.3,0.9,   16,    0
333,1394826,122.82,  0.00,0.4,1.2,   30,    0
334,Joys2233,122.72,  0.00,0.6,1.0,   36,    5
335,woshiliuyi123,122.72, 22.72,0.4,1.2,   28,    2
336,huahua0310,122.65,  0.00,1.0,0.8,   47,   10
337,Asacos,122.56, 22.56,1.1,0.4,   28,    3
338,s4glw4zw474j,122.55,  0.00,0.2,2.2,   28,   44
339,DobySSS,122.54,  0.00,1.1,0.7,   42,    9
340,zs20010721,122.49, 22.49,0.2,1.2,   14,    3
341,haikiotiankon,122.47, 22.47,0.2,0.9,    9,    1
342,louisHuang-st,122.43,  0.00,1.4,0.5,   39,    6
343,sfsafaf,122.42, 22.42,0.4,1.2,   30,    2
344,slimshady00081,122.37,  0.00,0.8,0.7,   35,   10
345,CYK1666,122.36,  0.00,0.9,0.8,   41,    4
346,QPPya,122.22,  0.00,0.2,1.0,   12,   25
347,94929848,122.21,  0.00,0.5,1.1,   37,    2
348,zsm25321,122.19,  0.00,0.3,0.9,   14,    2
349,xianxianbei,122.16,  0.00,0.7,0.6,   22,    2
350,longji35,122.13,  0.00,0.5,1.0,   28,    2
351,zhu930410,122.09,  0.00,1.0,0.5,   31,    0
352,Ceight1,122.01,  0.00,0.9,1.1,   61,    0
353,jordan121381,121.95,  0.00,0.3,1.2,   20,   16
354,pengxiaopan,121.87, 21.87,0.5,1.1,   31,    1
355,liangbin5228,121.84,  0.00,0.3,0.9,   13,    0
356,zbc0228,121.80,  0.00,0.8,0.9,   45,    0
357,wyh4754,121.80, 21.80,0.3,0.9,   15,    2
358,dbndf,121.77,  0.00,0.9,0.8,   46,    2
359,Aimercccc,121.66, 21.66,1.1,0.5,   33,    0
360,knonmio,121.66,  0.00,1.2,0.4,   29,    2
361,WZsir,121.61,  0.00,0.5,1.1,   31,    2
362,hideonhide,121.60,  0.00,0.3,0.9,   16,    1
363,GCY623,121.52,  0.00,0.9,0.8,   44,    2
364,Laaaagging,121.46, 21.46,1.3,0.6,   49,    0
365,UOOU00UOOU,121.45, 21.45,0.8,0.5,   24,    8
366,Lee-sokey,121.34,  0.00,0.2,1.2,   11,    1
367,SyadouSama,121.31,  0.00,1.6,0.3,   33,    0
368,17SbCnmd,121.26, 21.26,0.5,0.8,   22,    6
369,SS1mplle,121.21,  0.00,0.4,0.8,   21,    1
370,L010216,121.09,  0.00,0.1,0.8,    6,   19
371,NHYNX,121.06,  0.00,1.1,0.3,   22,   12
372,NGP_77Q,121.05,  0.00,1.2,0.5,   32,    6
373,lunlunwaigong,121.02,  0.00,1.1,0.6,   37,    2
374,BHXL39,121.00,  0.00,0.4,1.5,   39,   39
375,WhySleepWithMe,120.78, 20.78,1.2,0.5,   39,    0
376,BILIBILI-qmx,120.72,  0.00,0.7,0.8,   36,    0
377,MCwky,120.50,  0.00,0.4,1.5,   37,   49
378,00roufeng,120.49,  0.00,0.8,0.6,   29,    1
379,asnlwlh666,120.43,  0.00,0.5,2.1,   56,   35
380,angeldist,120.43, 20.43,0.6,0.8,   28,    0
381,Nh0990,120.28,  0.00,0.2,0.8,    8,   14
382,1fs2128ns0ip,120.27, 20.27,0.6,0.9,   31,    0
383,MayBeBa11,120.25,  0.00,0.7,1.5,   65,    1
384,zhongyang0409,120.23,  0.00,0.6,0.7,   26,   33
385,xyCx330,120.16,  0.00,0.3,0.8,   17,    0
386,LHM031204,120.15, 20.15,1.3,0.4,   33,    0
387,qichuangl190,120.05,  0.00,0.5,0.8,   26,    0
388,qiaobaluo,120.03,  0.00,0.7,0.8,   33,    1
389,sdrdgddfvc,119.93,  0.00,0.2,0.7,    6,   29
390,VT-ZhenYE,119.92, 19.92,1.2,0.3,   24,    0
391,sice5108,119.84,  0.00,0.6,0.4,   14,   23
392,kanguoyourenwu,119.77,  0.00,1.1,0.7,   43,    3
393,Ming-Huang-Kai,119.77, 19.77,1.0,0.5,   31,    2
394,ideamangj,119.63,  0.00,0.7,0.8,   36,   11
395,Haruka_uki,119.58,  0.00,0.8,0.5,   24,   12
396,YengChen,119.50,  0.00,0.7,0.7,   29,    3
397,zhazhahui12111,119.50,  0.00,1.3,0.4,   36,    2
398,hotkaikai,119.48,  0.00,0.3,1.1,   18,    1
399,zanggemo,119.48,  0.00,0.9,0.6,   36,    1
400,3197732178,119.47,  0.00,0.5,0.8,   22,    3
401,qazt000,119.43,  0.00,0.8,0.8,   35,    0
402,XDW-XYF,119.40,  0.00,0.8,0.8,   35,    3
403,92393513,119.34,  0.00,0.2,1.2,   18,    9
404,LyfCCCii,119.32, 19.32,0.6,0.6,   20,    4
405,hhyyydd,119.27,  0.00,1.2,0.4,   31,    3
406,ShiSuoYA11,119.25, 19.25,0.5,0.8,   21,    1
407,e144778,119.25, 19.25,0.2,0.8,    9,    3
408,ewshjl,119.18,  0.00,0.9,0.5,   25,    5
409,mrduplex,119.09,  0.00,1.2,0.6,   41,    2
410,huang258123,119.06,  0.00,1.2,0.9,   62,    8
411,EricErgou,119.03,  0.00,1.4,0.3,   22,    0
412,zzy2002421,119.03, 19.03,0.6,0.5,   18,   11
413,guagetaiyang,119.00,  0.00,0.8,0.3,   16,    4
414,dpssman,118.92,  0.00,0.3,0.8,   12,   16
415,GH632627258,118.88,  0.00,0.5,0.8,   21,    4
416,ahydgtyu,118.77,  0.00,1.5,0.3,   26,    2
417,qiang949460464,118.64, 18.64,0.5,0.9,   26,    0
418,Syy0592,118.63,  0.00,0.4,0.8,   16,    4
419,zouyang0617,118.54, 18.54,0.3,0.8,   12,    1
420,EYDGD,118.50,  0.00,0.6,0.8,   26,    1
421,nisann45,118.43,  0.00,0.8,0.9,   47,    3
422,WERABCN,118.42,  0.00,0.2,0.8,    9,   11
423,DERSXTYF,118.37, 18.37,0.1,1.1,    5,    0
424,Huatangtangya,118.23, 18.23,1.3,0.3,   23,    8
425,djydxydzw,118.14, 18.14,0.5,0.7,   21,    7
426,scp-1600,118.13, 18.13,0.1,0.8,    5,   11
427,Aiyw_AYW,118.11,  0.00,0.8,0.7,   30,   27
428,zhrltyyzy,118.08,  0.00,0.9,0.6,   31,   14
429,Lokehoo,118.06,  0.00,0.6,1.5,   56,   20
430,37945300,118.01,  0.00,0.8,0.5,   27,   16
431,16386056,117.96,  0.00,1.1,0.7,   49,    3
432,linleizzz,117.95,  0.00,0.6,0.6,   23,    7
433,husweet,117.93,  0.00,0.4,0.7,   18,   11
434,moonopolyi,117.92,  0.00,0.7,0.7,   30,   27
435,BAAB,117.92,  0.00,0.5,0.7,   22,    0
436,watchmenlee,117.92,  0.00,0.3,0.6,   11,   27
437,hooh991,117.90,  0.00,0.2,0.8,   11,    9
438,MuXin555,117.87,  0.00,0.4,1.0,   23,    2
439,DZCHUNYILANG123,117.82,  0.00,0.3,0.7,   11,   23
440,fmcli,117.80,  0.00,0.3,0.8,   15,    0
441,AVIWH12,117.77, 17.77,0.1,0.8,    3,    0
442,JAMES372183,117.68,  0.00,0.5,1.0,   30,    3
443,zoujie2019,117.67,  0.00,0.2,0.8,    9,   12
444,efxgh,117.66,  0.00,0.5,0.6,   17,   18
445,MAYICREAZY,117.64,  0.00,0.9,0.8,   46,    4
446,X-QingCheng,117.62,  0.00,2.9,0.2,   43,    0
447,DargonPan,117.61,  0.00,0.7,0.7,   29,    0
448,jtaotaop,117.56,  0.00,0.6,1.0,   36,    0
449,1592196127,117.51,  0.00,0.4,0.7,   17,    3
450,929494000,117.50,  0.00,0.1,1.1,    6,    5
451,tao200374,117.50,  0.00,1.0,1.7,  102,    3
452,zhjl9,117.49,  0.00,0.6,0.6,   22,    2
453,Satellite012,117.45,  0.00,0.8,0.3,   16,    0
454,1169466904,117.44,  0.00,1.0,0.5,   29,    1
455,MagicBook12121,117.40,  0.00,0.3,0.7,   15,    1
456,zhouxx183,117.38,  0.00,0.9,0.5,   29,   11
457,wuliangerha,117.38, 17.38,0.8,0.6,   27,    5
458,jmwdnsy,117.34, 17.34,0.3,0.7,   14,    9
459,heiniubainiu,117.32,  0.00,1.0,1.3,   78,    7
460,yeeeh9646,117.30,  0.00,0.1,0.5,    2,   32
461,URMmiracle,117.17,  0.00,0.2,0.9,   12,   32
462,DouYin-YC,117.16,  0.00,1.3,0.4,   31,    0
463,WBSPHW,117.16,  0.00,0.4,0.8,   19,    0
464,PRIVATEDesmond,117.11, 17.11,0.7,0.6,   28,    2
465,ICAC-1974215,117.04,  0.00,0.0,0.8,    0,    2
466,Prmaker,117.00, 17.00,1.1,0.7,   43,    0
467,juzi10086hao,116.96,  0.00,0.6,0.7,   27,    2
468,Kaoyuyeye,116.92, 16.92,0.9,0.6,   32,    2
469,dengjilin123,116.84,  0.00,0.7,0.7,   29,    8
470,wdggwq,116.84,  0.00,0.2,0.5,    6,   41
471,buaichi-YUa,116.83,  0.00,1.3,0.3,   27,    1
472,xutong2006,116.78,  0.00,0.5,0.7,   21,    0
473,WDNMDF,116.78,  0.00,0.2,0.8,    8,    0
474,1265132,116.73, 16.73,2.6,0.2,   30,    0
475,11suffer,116.72,  0.00,1.6,0.2,   17,    3
476,sakura1798,116.72,  0.00,0.3,0.7,   14,    8
477,jintingg,116.67, 16.67,0.7,0.4,   15,   14
478,131400131400,116.67,  0.00,0.8,0.8,   36,    4
479,dongying789,116.60,  0.00,0.3,0.7,   14,    1
480,duoduoin330,116.57,  0.00,0.4,0.3,    8,   20
481,AIZLH,116.56,  0.00,0.5,0.5,   17,   19
482,qyxxzj0710,116.54,  0.00,0.4,0.9,   20,    1
483,anzinw,116.52,  0.00,0.1,1.0,    5,    1
484,yxrsheng,116.41,  0.00,0.5,0.6,   17,    1
485,shengchadanjiu,116.39,  0.00,0.0,0.7,    2,    2
486,ij54j,116.35, 16.35,0.0,0.8,    0,    1
487,shencaoshui,116.31, 16.31,0.8,0.3,   16,   11
488,MuRan520666,116.31,  0.00,0.2,0.9,   13,   41
489,ATXITA2,116.27, 16.27,0.7,0.6,   27,    2
490,ZYNB698,116.21,  0.00,0.9,0.5,   28,    2
491,VZIV,116.20,  0.00,0.6,0.5,   18,    9
492,likehan6669,116.15,  0.00,0.8,0.7,   32,    1
493,JIANGYENA,116.11,  0.00,0.8,0.7,   34,    0
494,DXC040413,116.06,  0.00,0.9,1.3,   74,    7
495,dtuynn,116.06,  0.00,0.9,0.4,   21,   11
496,drsnowy,116.03,  0.00,0.5,0.6,   21,    2
497,vstp3316,115.91,  0.00,0.9,0.9,   49,    2
498,yc015059,115.86,  0.00,2.0,0.2,   24,    0
499,Sansi0nai,115.84,  0.00,1.6,0.7,   67,    0
500,5umq9h4rjwdj,115.82, 15.82,0.7,0.5,   23,    7
501,RRaiQQ,115.81,  0.00,0.7,0.7,   29,    6
502,Darling313,115.80, 15.80,0.5,0.6,   20,    0
503,buyaoshele,115.71,  0.00,0.9,0.6,   29,    5
504,WOCBUG,115.71,  0.00,0.7,0.7,   31,    0
505,Aoozia,115.69, 15.69,0.4,0.7,   17,    1
506,Augenstern_sn,115.69,  0.00,0.7,0.6,   25,    3
507,yabduan,115.68, 15.68,0.4,0.7,   16,    0
508,KIee1sBomb,115.62, 15.62,1.6,0.2,   17,    1
509,MeiHeLo,115.61,  0.00,0.6,1.0,   39,   10
510,unhurrie,115.54,  0.00,0.3,0.7,   11,    0
511,2954267,115.54,  0.00,0.5,0.7,   21,    3
512,Ichiro70,115.52, 15.52,0.6,0.6,   19,    3
513,CccchenXia,115.50, 15.50,2.0,0.2,   25,    2
514,Xyhdsss,115.48,  0.00,0.2,0.7,    7,    9
515,realborist,115.48,  0.00,0.7,0.9,   37,    9
516,LKY9744,115.47,  0.00,0.6,0.7,   26,    4
517,hdegard,115.45,  0.00,0.3,0.4,    7,   19
518,FTXJT1707,115.42, 15.42,0.1,0.9,    6,    0
519,qlhsndi,115.35,  0.00,0.7,0.5,   23,   16
520,fsdbdk,115.34,  0.00,1.6,0.9,   93,    0
521,BigFries1,115.33,  0.00,1.1,0.7,   43,    0
522,czaizl,115.32, 15.32,0.4,0.7,   17,    0
523,LWTDBL,115.32,  0.00,0.7,0.8,   35,    1
524,Midnom,115.31, 15.31,1.0,0.9,   54,    0
525,grhfbra,115.26,  0.00,1.2,0.8,   56,    2
526,Nahidakawaiiii,115.24,  0.00,2.2,0.2,   30,    2
527,iy4485yxvzr6,115.22,  0.00,0.4,1.5,   36,   35
528,gdrdrgdr,115.20,  0.00,0.4,0.7,   15,    0
529,1526222805,115.13, 15.13,0.4,0.7,   18,    1
530,sanlalaha,114.97,  0.00,0.6,1.5,   57,    6
531,BilBil-Beyond001,114.93,  0.00,2.1,0.2,   27,    0
532,YZQ12043214,114.91,  0.00,0.3,0.7,   12,    4
533,Tonyyuxue,114.89,  0.00,0.6,0.7,   24,    0
534,Komorbei,114.86,  0.00,0.9,1.0,   51,    1
535,BigWhiteB,114.84,  0.00,0.3,1.6,   30,    6
536,YourLaoShu,114.73,  0.00,0.6,0.7,   25,    0
537,jxfllk81,114.61,  0.00,0.4,0.6,   16,    0
538,huazhu6544,114.59,  0.00,1.6,0.5,   49,    0
539,AJXLln,114.56,  0.00,0.2,0.5,    7,   41
540,Kotelock_ykt,114.52,  0.00,1.8,0.2,   23,    0
541,owl030915,114.50,  0.00,0.5,0.3,   10,   20
542,JayNi2194,114.49, 14.49,1.8,0.4,   38,    0
543,chuanshuoliliang,114.45,  0.00,0.8,0.7,   36,    0
544,2000626lql,114.42,  0.00,0.2,0.7,   10,    4
545,QL_YuLuo_FanChen,114.41,  0.00,1.0,0.5,   33,    0
546,gemlyb7dbjlo,114.40, 14.40,1.1,0.4,   24,    6
547,wsdsg951,114.40, 14.40,0.5,0.7,   23,    7
548,Haibara_0-Nth,114.39,  0.00,2.2,0.3,   35,    0
549,qylscnkbkx0x,114.39,  0.00,1.5,0.2,   21,    4
550,zqcft,114.36,  0.00,0.3,0.7,   11,    4
551,denggeli,114.33, 14.33,0.6,0.9,   31,    1
552,971449267,114.33,  0.00,0.5,1.5,   48,    4
553,PUMMMMMMA_,114.28,  0.00,0.8,0.5,   22,    0
554,Alex411221,114.26,  0.00,1.7,0.5,   56,    6
555,wstjf123,114.26, 14.26,0.6,0.7,   24,    0
556,galipapa6688,114.23, 14.23,0.6,0.7,   25,    0
557,oliver030658,114.17, 14.17,0.9,0.4,   21,    3
558,r1ng_kun,114.14, 14.14,0.7,0.6,   26,    4
559,droctor123,114.13,  0.00,0.4,1.1,   26,   42
560,nilvxdt2q2dg,114.12,  0.00,0.9,0.6,   31,   11
561,zqzqzqzm,114.06,  0.00,0.5,1.6,   48,    0
562,quyezi2016,114.06, 14.06,0.3,0.7,   11,    0
563,SeeSeeYourNiuZi,114.03,  0.00,0.4,1.6,   40,    7
564,LinXUQi123,113.96, 13.96,1.0,0.8,   47,    0
565,zhangtainyu,113.91,  0.00,0.3,0.9,   18,   18
566,4Diluc30,113.91,  0.00,0.6,0.5,   17,    4
567,yzm3939,113.88,  0.00,0.5,1.5,   41,    3
568,kouyier,113.86,  0.00,0.6,1.5,   57,    9
569,bcbweiucb,113.83,  0.00,0.3,0.7,   13,    4
570,youhuan416,113.76,  0.00,0.5,1.6,   43,   14
571,pantianci1,113.75,  0.00,1.0,0.5,   32,    0
572,pure-desire-boy,113.73, 13.73,1.5,0.2,   20,    1
573,yunze101,113.71,  0.00,1.1,1.4,   95,    0
574,To-Nakano-sanjiu,113.64,  0.00,1.2,0.8,   56,    0
575,Hz2013,113.63,  0.00,0.7,0.6,   25,   10
576,82372138,113.62, 13.62,0.2,0.7,   10,    1
577,LVmuwa,113.56,  0.00,0.4,0.6,   15,    0
578,yjyii13,113.51,  0.00,1.2,0.3,   18,    3
579,WUZhengwen,113.50,  0.00,0.7,0.5,   20,    1
580,ChinaRed525,113.49,  0.00,0.2,0.8,   10,    7
581,j530516224,113.48, 13.48,0.5,0.5,   17,    2
582,EndlessAshZero,113.48,  0.00,0.7,0.8,   33,    6
583,18388525434,113.41, 13.41,0.2,0.8,    9,    5
584,fdaw123,113.38, 13.38,0.2,0.8,   10,   11
585,wdsd456,113.38,  0.00,0.3,0.7,   13,    0
586,zhang2356,113.38,  0.00,1.2,0.5,   36,    2
587,LaiLaiCai03,113.37, 13.37,0.2,0.7,    8,    0
588,TadedierxuanZe,113.33,  0.00,1.3,0.2,   20,    7
589,keer521,113.30,  0.00,0.6,1.5,   52,    2
590,afsdsaf,113.28,  0.00,1.7,0.3,   30,   11
591,Echo0621,113.27,  0.00,0.9,1.0,   56,    2
592,xiangtingf,113.23,  0.00,0.4,1.5,   38,   10
593,baofeng-CH,113.21, 13.21,0.5,0.6,   20,    2
594,koreaisloser,113.21,  0.00,0.5,0.7,   21,    3
595,dewhbfviwe,113.20,  0.00,0.7,0.8,   33,    1
596,66666_Rampage,113.17,  0.00,1.8,0.4,   45,    0
597,LCPD2003629,113.16,  0.00,0.3,0.7,   10,    0
598,puhaijun,113.11,  0.00,0.2,1.6,   21,    2
599,79Stay,113.09, 13.09,0.4,0.6,   13,   11
600,xingwozhonghua,113.08,  0.00,0.4,1.6,   33,   19
601,dujiajun12,113.07, 13.07,0.1,0.7,    3,    2
602,xiaolaodisp,113.01, 13.01,0.4,0.6,   14,    1
603,buxiu5115,113.01,  0.00,0.2,0.6,    8,    2
604,kzl417417,113.00,  0.00,0.6,0.5,   19,    0
605,llyfirst,112.97, 12.97,0.7,0.6,   24,    3
606,shuzhidian,112.96, 12.96,1.1,0.7,   47,    0
607,Gorccy,112.93, 12.93,1.2,0.2,   13,    0
608,ACG14512,112.93,  0.00,0.2,0.6,    6,   13
609,Ardsks,112.93,  0.00,0.3,0.6,   12,    0
610,TUTU279,112.89,  0.00,0.5,0.6,   19,    2
611,nidade5555,112.89, 12.89,0.9,0.3,   16,    5
612,woaikeruirui,112.89, 12.89,0.5,0.6,   18,    1
613,qnjmds,112.84,  0.00,0.7,0.5,   21,   20
614,23zdd,112.81,  0.00,0.9,0.4,   20,    3
615,GAS6,112.80, 12.80,0.6,0.5,   16,    2
616,d5uq6ni923y7,112.78, 12.78,0.1,0.7,    4,   15
617,Mikufan-114514,112.78,  0.00,1.1,0.6,   37,    3
618,WEAN24,112.76,  0.00,0.8,0.6,   30,   14
619,kralerr,112.72,  0.00,0.7,1.2,   49,    8
620,WDNmDwodiao,112.70,  0.00,1.0,0.4,   23,   14
621,gdywe,112.70,  0.00,0.3,0.6,   13,    3
622,Tan1958,112.70,  0.00,1.2,0.6,   45,    0
623,WDNMD1046,112.69,  0.00,0.3,1.5,   29,   28
624,wlznba,112.69,  0.00,0.2,0.7,   10,    4
625,Prescription77,112.69,  0.00,0.6,1.3,   48,   10
626,ZIBOMENGYI,112.66,  0.00,0.4,1.2,   27,   26
627,Aires0204,112.65,  0.00,0.5,0.6,   17,    7
628,hdsigi,112.63, 12.63,0.3,0.6,   10,    0
629,yuanxia1997,112.63,  0.00,0.8,0.7,   36,    9
630,y1293110445,112.60,  0.00,0.7,0.7,   29,   15
631,juigho,112.60, 12.60,0.6,0.6,   23,    3
632,wxmhehe,112.59, 12.59,0.7,0.6,   24,    0
633,adgfdf,112.59,  0.00,0.8,0.5,   25,   17
634,CaucasusMountai,112.53,  0.00,1.0,0.6,   35,    0
635,shdhjst,112.53, 12.53,0.5,0.6,   17,    1
636,luochuqiu,112.51,  0.00,0.5,1.3,   37,   14
637,lws4430807,112.49,  0.00,0.1,0.6,    3,   23
638,Sofiayang,112.49,  0.00,1.2,0.3,   21,    0
639,lianyicheng,112.46,  0.00,2.0,0.4,   53,    0
640,csyqaz1234567,112.43,  0.00,0.3,0.6,   10,    1
641,JZjz0507,112.34,  0.00,0.5,0.6,   16,    9
642,pzhayn,112.31,  0.00,0.3,1.6,   32,    6
643,chailei233,112.31,  0.00,0.4,0.6,   15,    0
644,xyz2184,112.30,  0.00,0.6,1.2,   47,    4
645,asd663416,112.25, 12.25,0.9,0.3,   18,    0
646,Makesurethebe,112.24, 12.24,0.7,0.4,   18,    2
647,Jermmeyy,112.20, 12.20,0.6,0.6,   22,    0
648,nier_2b_666,112.12, 12.12,0.5,0.6,   18,    0
649,mengli2210,112.11,  0.00,0.3,0.7,   13,    2
650,susu1775,112.11,  0.00,0.4,1.1,   24,   10
651,80602007,112.09,  0.00,0.5,0.7,   22,   23
652,lh20041215,112.03, 12.03,0.1,0.6,    5,    5
653,2287901717,111.99,  0.00,0.3,1.5,   27,    2
654,mengmengzi12138,111.99, 11.99,0.5,0.5,   16,   14
655,6235143333,111.97,  0.00,0.4,1.3,   30,   10
656,YUWENQINAIBEIBEI,111.96,  0.00,0.1,1.5,   13,   33
657,anihCsselBdoG,111.91, 11.91,0.9,0.6,   31,    0
658,cyHiddenSquid,111.88,  0.00,0.2,0.6,    8,    3
659,SLBZAISTR,111.86,  0.00,0.7,0.6,   25,    0
660,gxy75431,111.85,  0.00,0.5,1.4,   37,    8
661,zhongqing21,111.85,  0.00,0.9,0.3,   16,    8
662,Gby19960707,111.83,  0.00,1.2,0.3,   19,    2
663,5438520,111.71,  0.00,0.5,0.6,   18,    0
664,storyandskr,111.70, 11.70,0.0,0.6,    0,   17
665,youesume,111.68,  0.00,0.2,0.6,    8,    4
666,SJM2009,111.62,  0.00,0.1,0.6,    5,    6
667,tnaye,111.59,  0.00,0.7,0.6,   24,    0
668,caicaicai01,111.58, 11.58,0.8,0.6,   26,    2
669,aduid,111.57,  0.00,0.9,0.7,   34,    0
670,Lifetime-x,111.57, 11.57,0.2,0.6,    8,    0
671,mingzizhendnan,111.55, 11.55,0.4,0.6,   12,    7
672,hitou3427,111.53,  0.00,0.8,0.7,   33,    2
673,DC141,111.52, 11.52,0.6,0.4,   17,    8
674,metawee1998,111.51, 11.51,0.6,0.5,   16,    4
675,FluxHan,111.51,  0.00,1.0,0.2,   15,    1
676,cnm-beyond,111.50,  0.00,0.3,0.6,   11,    1
677,SZMH_Simon,111.48,  0.00,1.2,0.6,   44,    0
678,wodeZBzaina,111.46,  0.00,0.7,0.5,   24,    3
679,chajicheol114514,111.46,  0.00,0.2,0.6,    7,   22
680,YU867508,111.44,  0.00,0.9,0.6,   30,    1
681,CCPhaotian1,111.42,  0.00,0.9,0.4,   22,    1
682,lipi1918,111.40,  0.00,0.3,1.3,   22,    8
683,King_Mumbai-2,111.40, 11.40,0.3,0.6,   12,    2
684,kailniu,111.39,  0.00,0.8,0.6,   26,    3
685,nkcnb,111.35,  0.00,1.1,0.9,   55,    6
686,f048cb92da9d767b,111.34,  0.00,0.3,1.4,   29,    0
687,G0d1eadM3,111.30,  0.00,1.0,0.3,   18,   10
688,eb1266,111.30,  0.00,0.7,0.7,   29,    1
689,Hua01281,111.26,  0.00,0.9,0.8,   42,    2
690,QiKuoZai,111.25,  0.00,0.3,1.2,   23,    8
691,WraithAquaaaa,111.20,  0.00,1.2,0.6,   40,    0
692,MINIerha,111.16,  0.00,0.7,0.4,   18,    0
693,MNBKLSCNM,111.15,  0.00,0.3,1.5,   23,    4
694,2agv96h9qh5b,111.02, 11.02,0.4,0.6,   13,    2
695,cby050ybc,111.01,  0.00,0.5,1.3,   36,    2
696,336961qwe,110.97,  0.00,0.2,1.4,   21,    7
697,AAAXUCAN996,110.95,  0.00,1.6,0.2,   18,    1
698,Traurig-sein,110.93,  0.00,0.3,1.5,   27,    6
699,lj6d1s659mdm,110.92,  0.00,0.8,0.3,   16,    1
700,ireallylaji,110.84,  0.00,1.1,0.2,   13,    2
701,FeatherZeZe,110.80,  0.00,0.3,0.6,   10,    6
702,syyh1233,110.76, 10.76,0.1,0.6,    5,    4
703,cyn010218,110.76,  0.00,0.4,0.6,   14,    1
704,lhrcf611,110.74, 10.74,0.2,0.6,    8,    4
705,gyj040801,110.68,  0.00,0.5,0.6,   18,    0
706,DDNIKER,110.66, 10.66,0.0,0.6,    1,    0
707,12345lwh,110.66,  0.00,0.9,0.6,   33,   10
708,miyazaNO,110.63,  0.00,0.9,0.7,   34,    5
709,qiji113,110.47,  0.00,0.5,0.7,   21,    9
710,K50zyh040121,110.46,  0.00,0.2,0.6,    9,    0
711,Aahf53453,110.46,  0.00,1.3,0.3,   21,    1
712,d0uttye8dodl,110.46,  0.00,0.6,0.4,   14,    4
713,huliwen29,110.44, 10.44,0.5,0.5,   15,    4
714,lftaa,110.38,  0.00,0.3,0.6,   12,    0
715,xiemaimeluo,110.34, 10.34,0.7,0.5,   22,    6
716,quyuebabab,110.29,  0.00,0.6,0.8,   33,    0
717,ZIXMO0,110.25,  0.00,0.2,1.4,   18,    8
718,Ningdadie,110.18, 10.18,0.6,0.5,   17,    8
719,Gamemode666,110.14,  0.00,0.9,0.7,   38,    4
720,zxcnb5816,110.12,  0.00,1.3,1.0,   76,    0
721,Alanright,110.07,  0.00,0.5,0.5,   17,    2
722,joeshuo,110.06,  0.00,0.7,0.9,   39,    0
723,Theaddc,110.05,  0.00,0.9,0.4,   23,    0
724,schneesamtblume,110.04,  0.00,0.1,0.5,    2,   15
725,QHahahAP,109.98,  0.00,0.7,0.5,   23,    1
726,2065990542,109.98,  9.98,0.9,0.4,   19,    0
727,PEIXIANYI,109.95,  0.00,0.5,0.6,   20,    2
728,owsig9emhe2q,109.84,  9.84,0.3,0.5,   11,   14
729,lmlxx7,109.78,  0.00,0.5,1.0,   28,    1
730,Ellie9466,109.78,  0.00,0.4,0.3,    6,   21
731,Estrella_Li,109.77,  0.00,0.5,0.4,   12,   15
732,onetwethreegofly,109.76,  0.00,0.3,0.5,   11,    5
733,DDW2213,109.75,  0.00,0.4,1.1,   24,    0
734,zhj2231,109.75,  0.00,0.7,1.0,   41,   12
735,Karrmeiraku,109.74,  0.00,1.0,0.7,   44,    1
736,kki0206,109.72,  0.00,0.8,0.2,   12,    9
737,Bla9C,109.69,  0.00,1.0,0.7,   42,    1
738,XSWLWSX,109.67,  9.67,0.3,0.6,    9,    0
739,CNzxyyt233,109.67,  0.00,0.1,0.5,    3,   21
740,2689276117,109.66,  0.00,0.1,0.6,    3,    7
741,lx185062,109.62,  0.00,0.8,0.8,   39,    1
742,WinterTimeRuler,109.62,  0.00,0.6,0.9,   31,   14
743,lxinya,109.59,  0.00,1.1,0.5,   34,    0
744,lanyang2005,109.59,  0.00,0.3,1.1,   17,   13
745,plp330,109.57,  9.57,2.2,0.2,   20,    0
746,Misaki_Seezi,109.56,  0.00,2.6,0.1,   23,    0
747,MFtomato,109.56,  0.00,0.2,1.1,   15,   10
748,Sakura_itsuka,109.52,  0.00,0.2,0.6,    8,    3
749,065498761,109.46,  0.00,0.4,1.3,   30,    2
750,DARLING02X015,109.46,  9.46,0.4,0.5,   12,    0
751,biukia,109.44,  0.00,0.1,0.6,    2,    2
752,kanfengjingren12,109.40,  0.00,0.4,0.6,   12,    2
753,JDHBCBE,109.38,  9.38,0.3,0.5,   11,    0
754,ChengChunNgai,109.38,  0.00,0.7,0.9,   37,    0
755,Tao1ao,109.32,  9.32,0.4,0.5,   13,    0
756,123abcxzh,109.28,  0.00,0.5,0.5,   15,    0
757,0863592973,109.26,  0.00,0.5,0.9,   25,    1
758,MoSyn,109.22,  0.00,0.4,0.5,   12,    2
759,yun134681,109.22,  0.00,0.4,1.0,   24,   12
760,5201ql,109.19,  9.19,0.9,0.3,   17,    0
761,gxdlYYDS,109.18,  0.00,0.7,0.5,   22,    0
762,zohanstereotape1,109.17,  0.00,0.6,0.9,   31,    4
763,zaojioahua,109.17,  9.17,0.0,0.4,    1,   16
764,136231,109.14,  9.14,0.2,0.5,    8,    1
765,yh6659580,109.13,  9.13,0.8,0.5,   24,    1
766,wdwd759,109.12,  9.12,1.1,0.5,   32,    0
767,29759939,109.12,  0.00,1.0,0.4,   22,    1
768,-Miscedence-0,109.10,  0.00,0.6,1.1,   38,    0
769,12771235,109.10,  0.00,0.3,0.5,   10,    2
770,mnimin0123,109.09,  0.00,0.6,0.8,   29,    2
771,Monkey_mmd,109.01,  0.00,2.4,0.1,   15,    0
772,rteo90u1mqm5,108.92,  8.92,0.1,0.6,    4,    0
773,yangyamgtao,108.92,  8.92,0.6,0.4,   17,   12
774,7ricky4L,108.91,  8.91,0.4,0.5,   13,    0
775,adadadadaar,108.86,  0.00,1.3,0.2,   15,    1
776,1256999809,108.86,  0.00,0.2,0.5,    5,   39
777,123system,108.85,  8.85,0.5,0.5,   14,    1
778,Yzhinv,108.81,  0.00,0.7,0.9,   37,    0
779,Titan8377,108.78,  8.78,0.4,0.2,    5,    9
780,CR7isgoat233,108.78,  8.78,0.5,0.5,   14,    0
781,Suncy7,108.75,  0.00,0.7,0.8,   33,    4
782,SlientArmstrong,108.75,  0.00,1.5,0.2,   15,    1
783,tuxingr,108.73,  8.73,0.7,0.5,   21,    0
784,rssiiw,108.72,  0.00,0.2,1.0,   15,    7
785,feiyuhang,108.71,  0.00,0.5,0.9,   24,   18
786,LLL7,108.71,  0.00,0.5,0.3,   10,   11
787,Mu_qian108,108.70,  0.00,0.5,0.3,   11,    1
788,zengming0824,108.68,  0.00,2.2,0.1,   20,    0
789,p325183,108.61,  0.00,1.0,0.7,   41,   10
790,yyhea1,108.60,  8.60,0.5,0.5,   14,    4
791,wuwanshenli,108.55,  0.00,0.2,1.0,   10,    3
792,Veitz7,108.53,  8.53,0.6,0.5,   17,    2
793,ParelleI,108.52,  8.52,1.0,0.5,   28,    0
794,bbqbhj,108.51,  8.51,0.6,0.5,   18,    0
795,579031r,108.44,  0.00,1.2,0.3,   18,    4
796,zauru,108.44,  0.00,0.7,0.5,   21,    6
797,maojice,108.43,  0.00,0.9,0.2,   11,    0
798,ruangruang1,108.40,  0.00,1.3,0.2,   15,    1
799,NaughtyBoy620,108.39,  0.00,0.4,0.5,   11,    1
800,AFENG193,108.39,  0.00,0.7,0.5,   23,    1
801,cxkheusir,108.36,  8.36,2.4,0.2,   32,    0
802,whsmccc,108.35,  0.00,0.3,0.9,   17,   12
803,yinhewudidasima,108.31,  0.00,0.5,0.8,   23,   14
804,ciaiy,108.23,  0.00,0.5,0.9,   27,    1
805,Linzi-xijinping,108.23,  8.23,1.4,0.2,   17,    0
806,lbw6666yyds,108.21,  0.00,0.8,0.6,   32,    1
807,Wugajian,108.21,  0.00,0.6,0.8,   29,    6
808,zsbxd,108.21,  8.21,0.2,0.5,    7,    1
809,2587612,108.20,  0.00,0.2,1.1,   17,    9
810,Heacttian,108.18,  8.18,0.3,0.6,    9,    1
811,thhag,108.17,  8.17,2.1,0.1,   12,    0
812,Y448785512,108.17,  0.00,0.7,0.7,   29,    2
813,0kwkn0,108.15,  0.00,0.6,0.8,   28,   11
814,LXXCC,108.14,  0.00,0.2,0.8,    8,   43
815,kaisa32222,108.12,  8.12,0.4,0.5,   11,   11
816,LZN_niubi,108.11,  0.00,0.6,0.8,   29,   17
817,Luo200254,108.09,  8.09,1.5,0.1,    8,    1
818,ellakesmir,108.08,  8.08,0.2,0.5,    5,    4
819,xiaodao52,108.02,  8.02,0.2,0.6,    7,    5
820,Liuliu20011012,108.00,  8.00,0.2,0.6,    7,    1
821,wanxiang050916,107.98,  7.98,0.1,0.5,    2,    0
822,hjcj1cn6jvow,107.96,  0.00,0.4,0.3,    7,   15
823,dsdf8678,107.95,  0.00,0.3,1.0,   17,    7
824,Lrevor,107.95,  0.00,0.7,0.4,   16,    0
825,MUMUIOS,107.93,  0.00,0.6,0.8,   27,    4
826,plldz,107.93,  0.00,0.2,0.5,    7,    1
827,YD1364,107.92,  0.00,0.4,0.8,   19,    5
828,xuyxuan,107.91,  0.00,0.2,0.9,   12,    2
829,443959,107.88,  7.88,0.4,0.5,   12,    4
830,Antares_yang,107.88,  0.00,0.6,0.8,   29,    0
831,tapiokapann12,107.83,  0.00,0.6,0.7,   28,    1
832,wetdfhfdh,107.82,  0.00,0.9,0.5,   25,    0
833,zxh147258369,107.81,  0.00,0.8,0.8,   41,    0
834,BGYALU-xgz,107.80,  7.80,1.0,0.4,   27,    0
835,why6633,107.75,  0.00,0.2,0.5,    5,   12
836,s214720080,107.73,  7.73,0.1,0.5,    2,    0
837,NickWildeee,107.72,  0.00,1.7,0.1,   10,    5
838,688dbaee,107.68,  0.00,0.4,0.8,   18,    9
839,40sv1frksdvk,107.66,  0.00,0.5,0.8,   23,    8
840,4404452,107.65,  0.00,0.6,0.7,   25,   15
841,Xiao-Ma-Tian-T,107.64,  0.00,0.2,1.1,   11,    0
842,kkjkie,107.61,  0.00,0.8,0.7,   33,    7
843,GuanZhangNB666,107.58,  0.00,0.7,0.7,   29,   18
844,bvcxzasdfghjklmn,107.53,  7.53,1.6,0.2,   21,    0
845,HQ-Violet,107.52,  0.00,0.4,0.8,   16,   19
846,DG4017,107.51,  0.00,0.4,0.8,   19,    6
847,YSMGcccc,107.50,  7.50,0.3,0.5,    8,    0
848,LETSGOOUTLM,107.49,  0.00,0.6,0.9,   30,    0
849,2279856222,107.48,  0.00,0.4,0.8,   20,   11
850,benben00544,107.47,  0.00,0.4,0.8,   20,    6
851,mmndutqvqprr,107.46,  0.00,0.7,0.4,   15,    1
852,Leo1111leo,107.44,  0.00,0.3,0.4,    8,    5
853,HUtTIANTIAN,107.42,  7.42,0.4,0.5,   10,    2
854,t8wpgpdnjz2e,107.40,  0.00,0.5,0.8,   22,    3
855,Purelove1,107.40,  0.00,0.9,0.7,   37,    1
856,Haruka068,107.40,  0.00,0.3,0.8,   13,   25
857,56152199,107.38,  0.00,0.1,0.7,    3,   37
858,drpkta5,107.37,  0.00,0.1,1.0,    8,    1
859,dabiandawang,107.36,  0.00,0.5,0.5,   14,    0
860,mxt2264,107.36,  0.00,0.2,0.8,    9,   25
861,UltronYu,107.34,  7.34,0.1,0.5,    2,    0
862,Papaya_Talk,107.34,  0.00,0.6,0.2,    6,    9
863,cxhmy3,107.33,  0.00,0.4,0.8,   20,    8
864,washen889,107.30,  0.00,0.6,0.3,   11,    1
865,GsuperManT,107.27,  0.00,0.8,0.7,   32,    2
866,Theflowerstree,107.26,  0.00,0.6,0.5,   16,    0
867,zmlnia,107.25,  0.00,0.4,0.8,   19,   10
868,flat2324,107.24,  0.00,0.5,0.8,   25,    2
869,rdyrfd,107.24,  7.24,1.3,0.1,    7,    3
870,qysqt123456,107.20,  0.00,0.2,0.4,    5,    8
871,liwenqiang4762,107.20,  0.00,0.5,0.7,   22,    0
872,MENG0516,107.20,  0.00,0.8,0.7,   32,    1
873,Firefly-StarRail,107.20,  7.20,0.3,0.3,    5,   12
874,20221210L,107.14,  0.00,0.4,0.8,   21,    5
875,HOCfruitpapa,107.12,  0.00,0.8,0.4,   20,    3
876,123cjj456789,107.10,  0.00,0.4,0.8,   17,    5
877,DestinyNicoLuna,107.10,  0.00,1.2,0.7,   48,    0
878,AicdLemon,107.10,  0.00,0.5,0.7,   22,    8
879,EzLimU,107.09,  0.00,0.5,0.8,   23,    3
880,mfz15131973878,107.07,  0.00,0.3,0.8,   12,   12
881,4amgodliu,107.07,  0.00,0.4,0.8,   19,    3
882,mengxi648,107.06,  7.06,0.8,0.3,   13,    0
883,fanhua2020,107.04,  0.00,0.7,0.7,   28,    3
884,aminuosi557,107.04,  0.00,0.1,1.0,    7,    3
885,RenQianCR7,107.04,  0.00,0.2,0.4,    5,    1
886,RaggaBomb116,107.04,  7.04,0.3,0.5,    7,    4
887,6d847958e0f68313,107.04,  0.00,0.8,0.7,   31,    0
888,xingfuji,107.00,  0.00,0.3,0.7,   15,   15
889,13128509,106.99,  6.99,0.3,0.5,    8,    1
890,PDD89772345,106.99,  0.00,0.6,0.4,   16,    4
891,UFOgo22,106.96,  6.96,0.1,0.5,    3,    0
892,ChemicalEthanW,106.95,  0.00,1.0,0.7,   42,    0
893,46ZxxDASHAJI,106.93,  0.00,0.4,0.4,   12,    0
894,bigpeng007,106.93,  0.00,0.6,0.7,   25,   13
895,gsy040328,106.92,  0.00,0.4,0.5,   10,    0
896,jfdbb,106.87,  0.00,0.1,0.9,    3,    8
897,liu5462197,106.86,  0.00,0.2,0.9,   11,    5
898,yyurne,106.86,  0.00,0.8,0.7,   31,    6
899,Joycetsee,106.85,  0.00,0.5,0.4,   13,    0
900,hhhhlxl,106.82,  0.00,0.5,0.7,   23,    9
901,Dr9Fox,106.81,  0.00,0.5,0.4,   13,    6
902,NIBCUTE,106.81,  0.00,0.6,0.4,   14,    5
903,XiaoNiu-Shuo-Hua,106.81,  0.00,2.1,0.2,   27,    0
904,SHENMAN123123,106.80,  0.00,0.6,0.2,    8,    6
905,YCNSDAS,106.80,  0.00,0.5,0.7,   23,    3
906,tyyrl,106.79,  0.00,0.5,0.8,   23,    1
907,451797109,106.77,  0.00,0.6,0.4,   14,    0
908,lgw521,106.76,  6.76,1.0,0.4,   25,    5
909,Yg23255115,106.73,  0.00,0.1,0.8,    5,    7
910,leetimechuu,106.72,  0.00,1.0,0.2,   11,    2
911,taoyanyixiang,106.72,  0.00,0.3,0.8,   14,    1
912,Hokawac,106.71,  0.00,1.2,0.3,   20,    0
913,XUUWAS,106.71,  0.00,0.6,0.4,   16,    0
914,lxxsr020620,106.70,  6.70,1.1,0.2,   15,    0
915,2001121120200125,106.67,  0.00,0.1,0.5,    3,    1
916,GIUYGIUEHGY2,106.65,  0.00,0.8,0.7,   35,    0
917,Niuzigrandfather,106.65,  0.00,0.7,0.6,   28,    7
918,Panpanya_Death,106.64,  0.00,0.5,0.7,   21,    2
919,MRtaunz,106.63,  0.00,0.3,0.4,    6,    6
920,3ZMustang,106.62,  0.00,0.3,0.4,    8,    5
921,L283846,106.60,  0.00,1.0,0.7,   43,    0
922,Limerence-Luv-zc,106.58,  0.00,1.0,0.4,   25,    0
923,desesgf,106.57,  0.00,1.7,0.2,   19,    0
924,2710799,106.53,  0.00,0.4,0.8,   19,    0
925,liuliuwryyy,106.51,  0.00,1.6,0.2,   20,    0
926,78589869,106.51,  0.00,0.4,0.6,   17,   13
927,LI759903344,106.50,  0.00,1.6,0.1,   13,    0
928,hoyinsong1112,106.48,  0.00,0.5,0.7,   22,    0
929,WJSZPHHH,106.48,  0.00,0.8,0.1,    7,    8
930,AGTMQQ2,106.47,  0.00,0.8,0.3,   16,    0
931,miaoqiwei,106.45,  0.00,0.6,0.4,   14,    0
932,Richard111515,106.45,  6.45,0.1,0.4,    3,    0
933,wy123321dd,106.45,  5.68,0.3,0.5,    8,    1
934,xiaobidanzi,106.45,  6.45,0.5,0.4,   12,    0
935,xaxui,106.44,  0.00,0.7,0.3,   12,    3
936,PENGCHANG9,106.43,  0.00,0.3,0.4,    7,    1
937,FDRO,106.43,  0.00,0.0,0.5,    1,    0
938,Rain_evening,106.42,  0.00,0.4,0.7,   14,   12
939,limengxian,106.39,  0.00,0.7,0.6,   27,    2
940,nothinggogo,106.38,  0.00,0.1,0.4,    2,    2
941,VsingTem,106.36,  6.36,0.1,0.1,    1,   13
942,SDsugar,106.35,  0.00,0.5,0.6,   20,    2
943,63516227w,106.33,  0.00,1.6,0.1,    9,    0
944,huangxiongqi,106.32,  0.00,0.3,0.7,   12,    0
945,fxsdsz,106.31,  0.00,0.5,0.7,   20,    3
946,20040322X,106.31,  0.00,0.1,0.7,    5,   22
947,pirate6396,106.27,  0.00,0.2,0.4,    4,    0
948,czxc11j,106.26,  6.26,0.6,0.4,   15,    2
949,YELbp,106.25,  6.25,0.5,0.3,   10,    6
950,s1345542b,106.25,  6.25,0.8,0.4,   19,    2
951,ltwQAQ,106.24,  0.00,0.4,0.6,   16,    9
952,citadel1943,106.23,  0.00,0.6,0.4,   14,    1
953,Czp148,106.21,  0.00,1.0,0.3,   20,    1
954,DouTangMiGan,106.21,  0.00,0.8,0.4,   18,    0
955,8g9rf4vrf44n,106.20,  0.00,0.6,0.4,   13,    3
956,lukiy12345,106.17,  0.00,0.2,0.4,    4,    0
957,rockQD,106.16,  0.00,1.0,0.5,   32,    0
958,SAVCXVJJ,106.13,  0.00,0.5,0.3,    8,    6
959,6kqilr9k49z6,106.11,  0.00,1.0,0.6,   36,    1
960,yyws1,106.11,  0.00,0.4,0.7,   17,    2
961,GoodNightQAQ,106.10,  0.00,0.0,0.4,    0,    0
962,zhaocht,106.09,  0.00,0.5,0.7,   18,    7
963,ruoqingsheng,106.08,  0.00,0.5,0.3,    9,    8
964,ixaxao,106.07,  0.00,2.1,0.1,   18,    0
965,ykx666ykx,106.07,  0.00,0.2,0.7,    7,   21
966,60Sfighter,106.07,  6.07,0.4,0.3,    7,   10
967,Lon4ly,106.06,  0.00,0.8,0.3,   14,    0
968,Denkoisthebest,106.03,  0.00,0.4,0.7,   15,   13
969,Shizuk0u,106.02,  0.00,0.9,0.3,   17,    0
970,61hccc,106.01,  0.00,0.1,0.7,    6,   18
971,22202607,106.01,  0.00,0.6,0.6,   20,   15
972,panjimin,106.00,  0.00,0.3,0.7,   13,    0
973,sjwjh,106.00,  0.00,0.5,0.7,   24,    1
974,Hrls520,106.00,  0.00,0.4,0.7,   17,    1
975,98698968,105.97,  5.97,0.3,0.4,    6,    2
976,lifetime123456,105.95,  0.00,0.1,0.4,    2,    0
977,Misaka19090Wing,105.94,  0.00,1.3,0.1,   10,    0
978,a7788187,105.94,  0.00,1.9,0.1,   15,    1
979,destftt,105.94,  0.00,0.7,0.4,   16,    1
980,wkltt,105.93,  0.00,0.2,0.6,    9,   20
981,Wh1t3zZ46,105.91,  0.00,0.6,0.6,   21,   13
982,hewufhwhf,105.90,  0.00,0.4,0.8,   16,    1
983,dearfeat,105.89,  0.00,0.6,0.6,   23,    0
984,Captain621,105.88,  5.88,0.7,0.4,   16,    0
985,51656411,105.88,  0.00,1.0,0.3,   19,    0
986,jiko1123qik,105.88,  0.00,0.3,0.7,   13,    1
987,ShangGuanTY,105.88,  0.00,1.0,0.2,   11,    0
988,cshdawang,105.87,  0.00,0.3,0.4,    6,    1
989,h030203,105.86,  0.00,0.5,0.6,   19,    1
990,9256yyds,105.85,  0.00,0.5,0.4,   13,    2
991,zhou564646,105.85,  0.00,1.0,0.3,   16,    2
992,ranhanghang,105.84,  0.00,0.5,0.7,   19,    3
993,jpofking,105.83,  0.00,0.3,0.4,    8,    0
994,aboluo456,105.80,  0.00,0.5,0.6,   18,    2
995,efqd,105.80,  0.00,0.5,0.6,   15,    7
996,saojian860,105.78,  0.00,0.3,0.7,   12,    0
997,miaomiaozhenkeai,105.77,  0.00,0.3,0.7,   13,    0
998,LHR890,105.77,  0.00,0.6,0.6,   19,   11
999,yaangzhuang,105.77,  0.00,0.3,0.1,    2,   15
1000,PLAFJ,105.76,  0.00,0.2,0.7,   10,    4
1001,ylww0,105.76,  0.00,0.5,0.6,   18,    7
1002,x14noryp4qur,105.76,  5.76,0.5,0.4,   12,    1
1003,Sofia0691,105.73,  0.00,1.0,0.2,   11,    5
1004,Korey_0427,105.73,  5.73,0.5,0.4,   11,    5
1005,1376606525,105.70,  0.00,0.6,0.4,   15,    3
1006,huyatv-Bking,105.69,  0.00,0.6,0.6,   21,    5
1007,luoyongqiu,105.67,  5.67,1.3,0.2,   14,    0
1008,jideweixiaoaaa,105.64,  0.00,1.2,0.3,   21,    0
1009,SQMXGA,105.64,  0.00,0.4,0.4,    9,    2
1010,20040630lhr,105.63,  5.63,0.3,0.1,    3,    6
1011,Nikolllo,105.63,  0.00,1.3,0.1,   11,    1
1012,qqmmkk666,105.63,  0.00,0.5,0.7,   20,    1
1013,gjenrln8fefz,105.63,  0.00,0.1,0.4,    3,    1
1014,Mataraxia,105.61,  0.00,1.0,0.6,   32,    0
1015,shygh,105.60,  0.00,0.2,0.7,    9,    1
1016,zzc198435,105.60,  0.00,0.3,0.7,   12,    2
1017,taixunla68,105.58,  0.00,0.4,0.4,    8,    1
1018,mmmzzzzm,105.57,  5.57,0.5,0.3,   10,    8
1019,Rzycqut,105.56,  0.00,0.7,0.2,    9,   11
1020,huge4327,105.56,  0.00,0.4,0.6,   14,    0
1021,FFF1145141919810,105.56,  0.00,0.1,0.1,    1,    9
1022,Ori-kzxzz,105.55,  0.00,0.4,0.6,   14,    1
1023,abasenior,105.54,  0.00,0.3,0.7,   12,    4
1024,luzhan01,105.54,  0.00,0.6,0.5,   21,    1
1025,Erika-Guderian,105.54,  0.00,0.3,0.7,   13,    4
1026,efgsgdgs,105.53,  0.00,0.9,0.3,   14,    1
1027,Urnotczy,105.52,  0.00,0.8,0.1,    6,    3
1028,Mtlki2,105.51,  5.51,0.9,0.2,   11,    1
1029,qonuye,105.50,  0.00,0.6,0.4,   12,    5
1030,Chronos_ZW,105.50,  0.00,0.8,0.4,   21,    0
1031,Chires,105.47,  5.47,0.2,0.3,    4,   17
1032,Kang6688,105.45,  0.00,0.5,0.6,   16,    0
1033,4AM_GodV-Zzz_Nnn,105.45,  0.00,0.9,0.5,   26,    3
1034,qvqDDDD1,105.44,  5.44,0.6,0.4,   13,    2
1035,kuangyizt,105.43,  0.00,0.2,0.8,   10,    1
1036,Dr_Polaris,105.42,  0.00,0.2,0.7,    9,    1
1037,A690L,105.40,  0.00,0.0,0.1,    0,   15
1038,cxkccikun,105.40,  5.40,0.4,0.4,   10,    0
1039,cf6626,105.39,  0.00,0.7,0.5,   23,    3
1040,asefwwseews,105.39,  5.39,0.4,0.4,    8,    8
1041,xiaofeiyany,105.38,  5.38,0.4,0.4,    9,    1
1042,NameUnverfied,105.36,  0.00,0.5,0.6,   17,    0
1043,9w7ydv27fm9t,105.35,  0.00,0.3,0.7,   11,    4
1044,h1y6s3sy719h,105.34,  5.34,0.9,0.2,   10,    0
1045,wppu8888,105.34,  0.00,0.2,0.7,    9,    3
1046,HASTUR13,105.33,  0.00,0.3,0.7,   11,    2
1047,12236835,105.32,  0.00,0.2,0.6,    9,    0
1048,E963258,105.30,  0.00,0.7,0.5,   21,    1
1049,FV4005152,105.29,  0.00,0.7,0.6,   25,    3
1050,xczher,105.28,  0.00,0.5,0.5,   16,    2
1051,676827996,105.28,  0.00,0.5,0.3,   10,    0
1052,liyuhang778,105.25,  0.00,1.1,0.3,   19,    1
1053,666888zjl,105.22,  0.00,0.3,0.6,   12,    0
1054,TTtianye,105.22,  5.22,0.8,0.1,    6,    0
1055,weiyifa,105.19,  0.00,1.1,0.5,   33,    0
1056,wyu315,105.17,  0.00,0.4,0.6,   15,    8
1057,JuaNickolasS,105.17,  0.00,1.1,0.1,    8,    1
1058,waicjz,105.17,  5.17,0.5,0.3,    8,    0
1059,sunxs,105.16,  0.00,0.8,0.5,   25,    7
1060,QYY2ZX,105.16,  0.00,0.1,0.4,    3,    1
1061,dangdang1234,105.13,  5.13,1.3,0.2,   16,    0
1062,yuyyuyu7758,105.13,  0.00,0.1,0.7,    3,    5
1063,shdjashdasj,105.10,  0.00,0.9,0.4,   21,    5
1064,anyixin,105.06,  0.00,0.3,0.7,   12,    2
1065,WJB00096,105.05,  0.00,0.7,0.5,   19,    0
1066,Ryogiarisu,105.05,  0.00,0.5,0.3,    8,    6
1067,tianxiangyu,105.04,  0.00,0.1,0.7,    3,    5
1068,WindowstXP,105.04,  0.00,0.2,0.4,    4,    1
1069,Xiaoxu616,105.03,  0.00,0.2,0.6,    7,   12
1070,mumuwazby666,105.03,  0.00,2.1,0.1,   12,    1
1071,Luojintao0708,105.00,  0.00,0.7,0.5,   22,    2
1072,shiyaonieyo,104.99,  0.00,1.0,0.4,   23,    4
1073,15as,104.98,  0.00,0.7,0.5,   22,    1
1074,r12315,104.98,  0.00,1.0,0.2,   11,    0
1075,54948264li,104.97,  0.00,0.3,0.3,    6,    0
1076,wo112woa,104.94,  0.00,0.1,0.4,    3,    0
1077,QJDyy,104.93,  0.00,0.4,0.7,   14,    0
1078,SeoYaam,104.93,  0.00,0.8,0.3,   16,    0
1079,EggBoy10086,104.92,  0.00,0.1,0.8,    6,    0
1080,ChinaESoldier,104.91,  4.91,0.4,0.3,    8,    4
1081,Darker525,104.91,  0.00,0.8,0.3,   15,    1
1082,GL_Overlord,104.89,  0.00,0.7,0.3,   13,    1
1083,HeNanPLA,104.89,  4.89,0.1,0.4,    3,    7
1084,angye17,104.88,  0.00,0.4,0.4,    8,    0
1085,wzldsb123,104.87,  0.00,0.3,0.4,    9,    1
1086,asldjfsdsfsf,104.86,  0.00,0.2,0.6,    8,    0
1087,XiNinottired,104.85,  0.00,0.5,0.6,   20,    0
1088,LALAGIShinobu,104.85,  0.00,0.5,0.6,   17,    0
1089,wxhwll,104.83,  0.00,0.2,0.7,    9,    2
1090,y1246qw,104.82,  0.00,0.4,0.6,   14,    3
1091,SHENyi1013,104.79,  0.00,0.4,0.5,   11,    0
1092,axuanxiaoshoubin,104.79,  0.00,0.5,0.5,   16,    5
1093,SIWGKXEF,104.79,  0.00,0.4,0.5,   13,    8
1094,091102rhx,104.78,  0.00,0.2,0.7,   10,    2
1095,Janson301,104.77,  0.00,0.5,0.3,   10,    0
1096,funnyLei,104.77,  0.00,0.4,0.4,    8,    2
1097,Alwooo,104.76,  4.76,0.3,0.4,    7,    0
1098,sky1232325,104.74,  0.00,0.3,0.3,    5,    6
1099,wenbudun,104.73,  0.00,0.1,0.5,    3,    0
1100,lbwhitenb,104.73,  0.00,0.6,0.3,   12,    0
1101,focus50,104.72,  0.00,0.2,0.4,    4,    0
1102,ZHHzhh201616,104.70,  0.00,0.2,0.3,    4,    4
1103,mailesonggg,104.69,  0.00,0.2,0.5,    7,    0
1104,liuzilong521,104.68,  0.00,0.2,0.1,    2,   11
1105,dj6ujzrjwyhf,104.67,  0.00,0.2,0.4,    5,    1
1106,Cessicals,104.66,  0.00,0.6,0.5,   17,    0
1107,Xfeng97,104.66,  0.00,0.6,0.5,   16,    1
1108,AzGoodYzzzzzz,104.64,  0.00,1.3,0.1,    9,    0
1109,LY111245,104.62,  0.00,0.1,0.3,    3,    0
1110,bbmetal3124,104.62,  0.00,0.5,0.3,    8,    6
1111,yikouxiaonaituan,104.62,  0.00,1.2,0.1,    9,    1
1112,baiwanjin,104.61,  0.00,0.2,0.6,    7,    1
1113,3380184,104.61,  0.00,1.8,0.1,   13,    0
1114,gmmgO3nn,104.61,  0.00,0.6,0.3,   13,    0
1115,IMU-ikun,104.57,  0.00,0.5,0.2,    7,    2
1116,ypmzeiniubi,104.57,  0.00,0.4,0.3,    6,    3
1117,fengbujue09,104.57,  0.00,0.6,0.5,   17,    0
1118,sc200562109,104.54,  0.00,0.3,0.3,    6,    4
1119,XXXbuyan,104.52,  4.52,0.6,0.1,    5,    4
1120,androidhook,104.51,  0.00,0.6,0.6,   20,    0
1121,cyy024681,104.51,  0.00,0.5,0.3,   10,    0
1122,RXYYMAKER,104.50,  0.00,0.1,0.6,    2,    5
1123,JOJI123W,104.50,  0.00,0.4,0.2,    4,   12
1124,ASTYXYL,104.49,  0.00,0.3,0.4,    7,   16
1125,MilkyWay258,104.49,  0.00,0.4,0.5,   13,    1
1126,mengmeng-nannan,104.49,  4.49,0.6,0.3,   11,    4
1127,shishenyihe,104.49,  4.49,0.1,0.3,    2,    0
1128,258lalalana,104.48,  0.00,0.2,0.6,    8,    2
1129,1104142757,104.48,  4.48,0.1,0.3,    2,    0
1130,Kristen111111,104.46,  0.00,0.5,0.4,   14,    1
1131,Ailikesi030815,104.45,  0.00,0.7,0.2,    7,    0
1132,GgslimeGg,104.45,  4.45,0.7,0.3,   12,    1
1133,kevin36949,104.45,  0.00,0.2,0.5,    6,    7
1134,jinkai90,104.43,  0.00,0.8,0.4,   20,    2
1135,Unable144,104.42,  0.00,0.2,0.7,    7,    3
1136,WTEWTET,104.40,  0.00,0.1,0.6,    3,    1
1137,244915206,104.40,  0.00,0.2,0.4,    6,    7
1138,PlaYer606,104.40,  0.00,0.8,0.1,    7,    8
1139,zzNorthern,104.38,  0.00,0.4,0.5,   11,   10
1140,CN_Kawasahi,104.37,  4.37,0.8,0.3,   15,    1
1141,09liuyu29,104.36,  0.00,0.4,0.4,   11,   14
1142,woshijiangyin666,104.35,  0.00,0.2,0.5,    6,    1
1143,gudu10086,104.35,  0.00,0.2,0.4,    5,    0
1144,cjyzwcw01,104.34,  0.00,1.2,0.1,    7,    0
1145,SIGROL,104.34,  0.00,0.3,0.3,    6,    0
1146,gyugutyftyfg,104.34,  0.00,1.3,0.4,   33,    2
1147,980431264,104.34,  0.00,0.6,0.5,   17,    0
1148,popo9696,104.33,  0.00,0.5,0.4,   14,    3
1149,wanmai418,104.32,  0.00,0.7,0.4,   18,    0
1150,efdgg,104.32,  0.00,0.6,0.4,   14,    0
1151,9j6sgk4p7swz,104.30,  0.00,0.9,0.1,    7,    0
1152,bookzh,104.30,  0.00,0.2,0.4,    5,    2
1153,ouolyuouy,104.30,  0.00,1.1,0.3,   19,    1
1154,asif1343,104.29,  0.00,0.5,0.4,   12,    4
1155,binYW,104.28,  4.28,1.0,0.1,    8,    0
1156,WoDeMaYa233,104.28,  4.28,0.9,0.3,   15,    0
1157,lanjuzi44qq,104.27,  0.00,0.9,0.3,   16,    0
1158,Xrarn00,104.26,  4.26,0.6,0.3,   11,    0
1159,zhangziheng9476,104.26,  0.00,0.4,0.3,    8,    0
1160,Stan714,104.26,  0.00,1.3,0.2,   13,    0
1161,benben061,104.26,  0.00,0.8,0.4,   19,    0
1162,ec0719,104.24,  0.00,0.6,0.1,    5,    9
1163,paragliding,104.24,  4.24,0.6,0.3,   10,    1
1164,kxi456,104.18,  4.18,0.1,0.4,    3,    0
1165,zbuzbumofa,104.18,  0.00,0.1,0.3,    2,    0
1166,ALPHA-AYG,104.18,  0.00,0.1,0.6,    2,    5
1167,XinC123,104.18,  0.00,0.2,0.5,    7,    0
1168,SongyuWU,104.17,  0.00,0.2,0.3,    4,    0
1169,xuenaikeai,104.17,  0.00,1.3,0.2,   13,    1
1170,hong-duo-ni,104.16,  0.00,1.0,0.2,   11,    1
1171,zzjasonzz1,104.16,  0.00,0.9,0.2,   12,    0
1172,zdy3232322,104.13,  0.00,0.3,0.2,    3,    6
1173,danger8278,104.12,  0.00,0.8,0.5,   23,    0
1174,KUAI998,104.11,  0.00,0.1,0.5,    2,    2
1175,zjl998,104.09,  4.09,0.8,0.1,    7,    0
1176,SevenHeadGod,104.08,  4.08,0.1,0.3,    2,    1
1177,233lym,104.07,  0.00,0.3,0.4,    7,   11
1178,09073773,104.04,  0.00,1.2,0.3,   24,    0
1179,wyayang,104.04,  0.00,0.4,0.3,    8,    5
1180,x135456,104.03,  0.00,0.5,0.3,    9,    2
1181,uninhibited23,104.02,  0.00,0.8,0.2,   10,    2
1182,ZMEZM95,104.00,  0.00,0.3,0.3,    5,    0
1183,AmagiNoShiKiKan,103.98,  0.00,0.5,0.3,    8,    0
1184,S121511,103.98,  0.00,0.2,0.5,    5,    1
1185,Mid_night1059350,103.97,  0.00,0.3,0.4,    8,    1
1186,461621318,103.97,  0.00,0.3,0.4,    8,    0
1187,cg193728,103.97,  0.00,0.7,0.4,   17,    1
1188,goalazoo22,103.96,  0.00,0.5,0.3,    9,    0
1189,guduhuanzhei,103.91,  0.00,0.1,0.6,    4,    0
1190,Hualuoyiren9327,103.91,  0.00,1.7,0.2,   18,    0
1191,kcgvou,103.91,  0.00,0.9,0.4,   21,    0
1192,FGHGH1213,103.90,  0.00,0.3,0.5,    9,    0
1193,ChiLaBa0,103.89,  3.89,0.5,0.3,    8,    1
1194,shuijiaoman,103.85,  0.00,0.5,0.4,   13,    5
1195,sen-0810,103.85,  0.00,0.9,0.2,   11,    0
1196,l117hjis6zki,103.85,  0.00,0.4,0.3,    8,    9
1197,laizhide00,103.84,  0.00,0.0,0.6,    1,    1
1198,Uchihammp,103.80,  0.00,0.3,0.4,    7,    0
1199,ALAIA2,103.80,  0.00,0.4,0.3,    7,    0
1200,pgmaji,103.80,  3.80,0.4,0.3,    7,    0
1201,Excpt555,103.78,  0.00,0.5,0.5,   14,    0
1202,gdfifjnfj,103.77,  0.00,1.0,0.1,    7,    2
1203,SSadBoy11,103.76,  3.76,0.6,0.3,   11,    1
1204,ZL7777,103.75,  0.00,1.0,0.1,    6,    1
1205,aqdasdqw,103.75,  0.00,0.9,0.4,   19,    3
1206,likepander,103.73,  3.73,0.4,0.3,    6,    0
1207,AiharaMeiiii,103.73,  0.00,0.3,0.4,    7,    0
1208,guozi805,103.72,  0.00,0.9,0.1,    5,    0
1209,ovrulin,103.69,  0.00,0.2,0.5,    5,    3
1210,Sweetbaby11234,103.68,  3.68,0.5,0.3,    8,    1
1211,1288375,103.65,  3.65,0.6,0.3,   11,    0
1212,Dr_colsure,103.64,  0.00,0.3,0.3,    5,    4
1213,haytaudot,103.63,  0.00,0.8,0.1,    6,    2
1214,ZG910920,103.61,  0.00,0.6,0.3,   13,    0
1215,wojiachuan,103.59,  0.00,0.2,0.5,    5,    0
1216,HANXIANGTONG,103.58,  0.00,0.4,0.4,   10,    2
1217,takerue,103.58,  0.00,0.7,0.2,    6,    1
1218,l8520,103.57,  3.57,0.9,0.1,    5,    1
1219,gf12121,103.57,  0.00,0.4,0.4,    8,    7
1220,ksdhfgjk,103.57,  0.00,0.5,0.4,   12,    1
1221,xlts666,103.57,  0.00,0.9,0.1,    5,    3
1222,AJGNAS,103.57,  0.00,0.3,0.4,    6,    0
1223,chengziaiorigin,103.57,  0.00,0.5,0.3,   11,    1
1224,ia0ee9sjnwnr,103.56,  0.00,0.3,0.3,    5,   10
1225,6301022006050900,103.55,  0.00,0.2,0.4,    5,    4
1226,L2L121,103.54,  0.00,0.3,0.4,    8,    0
1227,sw12345w,103.52,  0.00,0.2,0.4,    5,    2
1228,dfgf555,103.50,  0.00,0.2,0.3,    4,    2
1229,lyy08017,103.50,  0.00,0.3,0.5,    9,    0
1230,Nitinima,103.49,  3.49,0.3,0.3,    4,    2
1231,kjdhufdf,103.47,  0.00,0.8,0.3,   15,    5
1232,2052539,103.45,  0.00,0.3,0.3,    6,   16
1233,zx00125,103.45,  3.45,0.2,0.3,    3,    0
1234,Mowanguyusheng,103.44,  3.44,0.2,0.3,    3,    2
1235,gannimaSB250,103.43,  3.43,0.5,0.3,    7,    0
1236,jisxZ,103.42,  0.00,0.3,0.3,    5,    0
1237,a3011411,103.42,  0.00,0.2,0.3,    4,    4
1238,ikun-ChenZi,103.41,  0.00,1.0,0.2,    9,    5
1239,yangheranlagong,103.40,  0.00,0.5,0.3,    7,    0
1240,28744787,103.39,  0.00,0.4,0.4,   10,    1
1241,qgdpaiz,103.38,  0.00,0.1,0.5,    2,    0
1242,dayuabcd,103.34,  0.00,0.4,0.3,    8,    0
1243,a2d4244f4a938e77,103.34,  0.00,2.0,0.1,   10,    1
1244,Swilop,103.33,  0.00,1.0,0.2,    9,    0
1245,b_5418,103.32,  0.00,0.7,0.3,   11,    0
1246,fzjp035,103.31,  3.31,0.3,0.2,    5,    0
1247,luoliyuo7612,103.30,  0.00,0.0,0.4,    0,   13
1248,shiyu1413,103.30,  0.00,0.3,0.4,    7,    0
1249,xiaoBafley,103.29,  0.00,0.4,0.4,    9,    1
1250,luolia2cc,103.29,  0.00,0.2,0.3,    3,    0
1251,GOODplayr6,103.29,  0.00,1.0,0.3,   20,    0
1252,hua11451,103.28,  0.00,0.3,0.3,    4,    0
1253,KAWASHAGEI,103.28,  0.00,0.2,0.5,    5,    1
1254,Wxdii,103.27,  0.00,0.1,0.4,    3,    1
1255,6ryut,103.26,  3.26,0.6,0.3,    9,    0
1256,Lchengze,103.26,  0.00,0.4,0.4,    8,    2
1257,jinlideea,103.25,  0.00,0.4,0.3,    7,    0
1258,DENGYUHEN,103.24,  0.00,0.4,0.4,   11,    2
1259,2534291,103.23,  0.00,0.3,0.3,    4,    1
1260,Gang114514,103.19,  0.00,0.8,0.3,   14,    0
1261,188438Aa,103.18,  0.00,0.2,0.4,    5,    0
1262,DOUKou1,103.16,  0.00,0.9,0.1,    7,    1
1263,wuqingkuan,103.16,  0.00,1.1,0.1,    9,    0
1264,sustray,103.15,  3.15,0.6,0.2,    9,    0
1265,bestboss8341,103.14,  3.14,0.2,0.3,    3,    0
1266,1920614197445,103.14,  0.00,0.1,0.4,    2,    0
1267,LYMLZX666,103.13,  0.00,0.2,0.3,    3,   14
1268,851100,103.13,  0.00,0.1,0.3,    3,    0
1269,Murphy121,103.12,  0.00,0.5,0.2,    7,    0
1270,passbooklaiya,103.09,  0.00,0.5,0.4,   10,    1
1271,ss__1058977562,103.08,  3.08,0.1,0.3,    2,    5
1272,NIDEKEWU,103.08,  3.08,0.4,0.2,    6,    0
1273,87464846,103.08,  0.00,0.7,0.2,   10,    0
1274,wyjfff,103.06,  3.06,0.1,0.3,    1,    0
1275,LINKlikk,103.05,  0.00,0.4,0.3,    9,    2
1276,attedj,103.04,  3.04,0.6,0.1,    5,    0
1277,nesp01,103.03,  0.00,0.4,0.2,    5,    0
1278,aggivessana,103.03,  0.00,0.3,0.3,    4,    1
1279,yingjian041123,103.00,  0.00,0.7,0.1,    6,    2
1280,cc666yyds,102.99,  0.00,1.2,0.1,    7,    0
1281,Qqqqqelppa,102.99,  0.00,0.6,0.3,   11,    2
1282,Mordbid,102.98,  2.98,0.3,0.2,    4,    3
1283,haikun1982,102.97,  0.00,1.0,0.2,   13,    0
1284,310774,102.96,  0.00,0.3,0.3,    6,    0
1285,shenmingyu123,102.96,  0.00,1.1,0.1,    8,    0
1286,woshizhuergao,102.94,  0.00,1.5,0.1,    9,    0
1287,Hlouwen,102.93,  2.93,0.6,0.2,    8,    0
1288,BSDAKJDB,102.93,  0.00,0.1,0.5,    2,    0
1289,zhangwsm1,102.93,  0.00,0.4,0.4,    9,    0
1290,shanyou12,102.92,  0.00,0.4,0.3,    8,    0
1291,ID33346578,102.89,  2.89,0.0,0.2,    0,    0
1292,tanghaihei,102.88,  0.00,1.1,0.1,    6,    3
1293,hongkongdoll4396,102.87,  2.87,0.4,0.3,    6,    1
1294,woos11058,102.86,  2.86,0.3,0.3,    4,    0
1295,ipems,102.86,  0.00,0.1,0.3,    1,    0
1296,MDJANCADSA,102.84,  0.00,0.6,0.3,   11,    6
1297,starmimi,102.84,  0.00,0.5,0.3,    8,    4
1298,gbz587,102.84,  0.00,0.2,0.4,    6,    0
1299,gaogang40,102.83,  0.00,0.2,0.3,    3,    0
1300,zzllzzqwe,102.83,  0.00,0.5,0.3,    9,    3
1301,gta5nbnbnbnbnb,102.83,  2.83,0.2,0.2,    3,    2
1302,3422985949342298,102.82,  0.00,0.3,0.3,    5,    0
1303,Paul51094,102.82,  2.82,0.8,0.1,    7,    1
1304,PLAAF-J20-001,102.82,  2.82,0.1,0.3,    1,    0
1305,13_King_of_NBA,102.82,  0.00,0.6,0.1,    5,    0
1306,1458785465852365,102.82,  0.00,0.3,0.3,    4,    0
1307,L-VISION-ZZ,102.81,  0.00,0.6,0.2,    7,    2
1308,linsushu,102.79,  0.00,0.8,0.2,   10,    1
1309,lcclui,102.79,  0.00,0.6,0.4,   12,    0
1310,maomao20030227,102.78,  0.00,0.5,0.3,   10,    0
1311,7k7kxyouxi6767,102.77,  0.00,0.0,0.3,    0,    1
1312,Vampire9611715,102.76,  0.00,0.7,0.3,   12,    1
1313,zhainancom,102.76,  0.00,0.2,0.3,    3,    0
1314,hqlzxn520,102.75,  2.75,0.4,0.1,    2,    4
1315,WEI00S,102.74,  0.00,0.3,0.2,    4,    0
1316,efffwef,102.72,  2.72,0.1,0.2,    2,    2
1317,xianghaodon,102.71,  0.00,0.1,0.3,    2,    1
1318,zZhanDiLao6,102.71,  0.00,0.6,0.1,    4,    3
1319,CGNYYDS,102.70,  2.70,0.8,0.2,   11,    2
1320,ywj8826360,102.70,  2.70,0.1,0.2,    2,    0
1321,jdkasudkj,102.69,  2.69,0.4,0.2,    5,    0
1322,jian20020818,102.69,  0.00,1.6,0.1,   10,    0
1323,avhvgv,102.69,  0.00,0.3,0.3,    5,    4
1324,fanshuwei2004,102.69,  0.00,0.3,0.3,    5,    0
1325,Jonas-DaMao,102.68,  0.00,0.8,0.3,   14,    1
1326,WenfQQ,102.67,  0.00,0.5,0.3,    8,    0
1327,cch0309,102.66,  2.66,0.1,0.2,    2,    0
1328,guoqiming,102.64,  2.64,0.7,0.2,    9,    0
1329,HBYcarry,102.64,  0.00,0.6,0.3,   10,    1
1330,HYainiya,102.63,  2.63,0.7,0.1,    5,    2
1331,Doompendulum,102.61,  0.00,0.3,0.3,    5,    3
1332,33763195wjc,102.60,  0.00,0.4,0.3,    7,    1
1333,bearxiansheng,102.59,  2.59,0.4,0.2,    5,    0
1334,lmy201999,102.58,  0.00,0.9,0.2,   12,    0
1335,jayc1119,102.57,  0.00,0.1,0.3,    2,    0
1336,MeowTea_Coffee,102.57,  0.00,0.6,0.3,    9,    0
1337,hanyaolong,102.55,  0.00,0.3,0.3,    5,    2
1338,ggfehgdsdgh,102.55,  0.00,0.6,0.2,    9,    0
1339,DDRKbot,102.54,  0.00,0.4,0.2,    5,    0
1340,52TOG25,102.54,  0.00,0.1,0.1,    1,    7
1341,zzt2024,102.51,  0.00,0.4,0.2,    5,    0
1342,qd05113010,102.51,  0.00,0.6,0.3,   11,    0
1343,FuNingNa001,102.50,  0.00,0.7,0.3,   11,    0
1344,1370368155,102.50,  0.00,0.6,0.3,   10,    1
1345,YQS20000229,102.48,  0.00,0.0,0.2,    0,    0
1346,1486606218,102.48,  2.48,0.6,0.2,    6,    0
1347,caohaining,102.45,  0.00,0.3,0.3,    5,    0
1348,zho0302,102.45,  2.45,0.1,0.3,    1,    2
1349,h20070922,102.45,  0.00,0.4,0.3,    7,    2
1350,mountiondove,102.45,  0.00,0.2,0.3,    3,    6
1351,qiqis-monkey,102.45,  2.45,0.4,0.2,    5,    0
1352,LTCSnowlutos,102.45,  0.00,0.1,0.3,    2,   10
1353,36924681,102.44,  0.00,0.4,0.2,    5,    0
1354,fjhryh,102.43,  0.00,1.0,0.1,    8,    0
1355,994001631,102.41,  0.00,0.1,0.3,    2,    0
1356,ainsincal,102.41,  2.41,0.1,0.2,    2,    2
1357,goawayaway,102.40,  0.00,0.3,0.3,    5,    0
1358,Davbopy,102.40,  2.40,0.6,0.1,    4,    3
1359,ayla_aniplex,102.40,  0.00,0.2,0.2,    2,    0
1360,shakeyeganla,102.39,  0.00,0.3,0.3,    5,    1
1361,YWLRLSLRRW,102.39,  0.00,0.7,0.2,   10,    0
1362,Xiaojiang0130,102.39,  2.39,0.5,0.1,    3,    0
1363,K1D123,102.38,  0.00,1.0,0.2,   15,    0
1364,holeserpine,102.37,  0.00,0.2,0.3,    4,    4
1365,2052941131,102.35,  2.35,0.9,0.2,    8,    3
1366,0fenghao0,102.35,  0.00,0.2,0.2,    2,    1
1367,xzqskkxc,102.34,  0.00,0.0,0.2,    0,   11
1368,september19999,102.33,  0.00,0.4,0.2,    6,    2
1369,luopenghui1,102.32,  0.00,0.3,0.2,    4,    0
1370,fishdouble,102.31,  0.00,0.1,0.3,    1,    0
1371,ZSDfsda,102.31,  2.31,0.5,0.2,    6,    0
1372,fi74853,102.30,  0.00,0.1,0.2,    1,    0
1373,CHINAlujuntian,102.30,  0.00,0.3,0.3,    5,    1
1374,HSGJ,102.29,  0.00,0.2,0.3,    4,    1
1375,Dxrk8760,102.29,  0.00,0.0,0.2,    0,    0
1376,Phantom-Barbed,102.28,  0.00,0.4,0.2,    6,    0
1377,kttlii,102.27,  2.27,0.5,0.2,    5,    2
1378,DK_fortyseven,102.27,  0.00,0.8,0.2,   10,    0
1379,bilibil-sufuya,102.26,  0.00,0.7,0.2,    9,    1
1380,DdAf12345,102.25,  0.00,0.6,0.2,    7,    0
1381,jieke125,102.25,  2.25,0.1,0.2,    1,    2
1382,XiaoYuSama1,102.23,  0.00,0.4,0.2,    4,    1
1383,lldcdw,102.23,  0.00,0.2,0.2,    2,    2
1384,RELCMIT-1212132,102.23,  0.00,0.1,0.3,    2,    4
1385,zxywdlwy,102.21,  0.00,0.1,0.2,    1,    0
1386,ctmdzd,102.21,  0.00,0.2,0.3,    4,    2
1387,1318361,102.19,  0.00,0.2,0.3,    3,    0
1388,Szvafril,102.19,  0.00,0.5,0.3,    8,    0
1389,chengzhixxz,102.18,  0.00,0.2,0.2,    2,    5
1390,dicengzzz,102.18,  0.00,0.6,0.1,    5,    9
1391,91436kn385x3,102.15,  0.00,0.3,0.3,    4,    2
1392,laina114514,102.15,  2.15,0.3,0.2,    4,    0
1393,huaziaiwanyxi,102.14,  0.00,0.3,0.2,    3,    0
1394,wzy761213,102.14,  0.00,0.5,0.2,    7,    4
1395,a68j777rgrhv,102.13,  0.00,0.2,0.3,    4,    0
1396,Gu261120526,102.13,  0.00,0.1,0.3,    1,    1
1397,EoE0oo0,102.13,  0.00,0.4,0.2,    4,    0
1398,CJ-student,102.13,  0.00,0.3,0.1,    3,    6
1399,zls208,102.12,  0.00,0.4,0.2,    6,    0
1400,PluxBurster,102.12,  0.00,0.3,0.2,    4,    4
1401,gaasha,102.12,  0.00,0.4,0.2,    5,    7
1402,TAIZST,102.11,  0.00,0.3,0.2,    4,    0
1403,simplecc666,102.11,  0.00,0.6,0.2,    7,    1
1404,Guox0,102.10,  0.00,0.3,0.2,    4,    0
1405,marking27orz,102.10,  2.10,0.3,0.2,    3,    1
1406,gawain5,102.10,  0.00,0.3,0.3,    5,    3
1407,3239910278ef7f4e,102.09,  0.00,0.3,0.2,    5,    2
1408,Limerancehors,102.09,  0.00,0.5,0.2,    6,    1
1409,mch53,102.08,  0.00,0.2,0.3,    3,    0
1410,CCTV-Dragon,102.08,  0.00,0.1,0.3,    2,    6
1411,uigws,102.08,  0.00,1.1,0.2,   12,    0
1412,tianche555,102.07,  0.00,0.7,0.2,    8,    2
1413,chenmanyang,102.04,  0.00,0.1,0.2,    1,    0
1414,dezerbi1023,102.04,  0.00,1.6,0.1,   13,    0
1415,Peking1874,102.03,  2.03,0.5,0.2,    5,    0
1416,rosess030,102.01,  0.00,0.4,0.2,    4,    4
1417,chengboy95,101.99,  0.00,0.6,0.2,    6,    0
1418,CrispFLMMM,101.99,  0.00,0.0,0.2,    0,    0
1419,GameDong930,101.99,  0.00,0.1,0.3,    2,    0
1420,BABARONGZI,101.98,  0.00,0.5,0.2,    5,    1
1421,MyNumber110,101.97,  1.97,0.3,0.2,    3,    1
1422,BeiJingDingZhen6,101.97,  0.00,0.1,0.2,    1,    1
1423,GinBou97,101.97,  0.00,0.5,0.2,    5,    1
1424,haishinan,101.97,  0.00,0.2,0.2,    2,    1
1425,hejieylx,101.96,  0.00,0.8,0.2,   11,    0
1426,wrriors1,101.95,  0.00,0.3,0.2,    4,    0
1427,121518WR,101.95,  0.00,0.3,0.3,    4,    0
1428,zhang666yt,101.95,  0.00,0.4,0.2,    6,    1
1429,SurtrChenMlynar,101.94,  0.00,0.5,0.1,    3,    1
1430,qw518168,101.94,  0.00,0.4,0.2,    5,    0
1431,0825lsc,101.93,  0.00,0.6,0.2,    6,    2
1432,xinshuaichen,101.90,  1.90,0.5,0.2,    5,    2
1433,TATAR0477,101.90,  0.00,0.5,0.2,    5,    2
1434,Jason0105liu,101.90,  1.90,0.1,0.2,    1,    1
1435,akabfgg,101.90,  1.90,0.4,0.2,    4,    0
1436,SHUPIAN883,101.90,  0.00,0.4,0.2,    4,    0
1437,HMZTHMT,101.90,  0.00,0.0,0.2,    0,    3
1438,SISYAMOSYAMO,101.89,  1.89,0.5,0.2,    5,    0
1439,2005sssr,101.87,  1.87,0.5,0.2,    5,    1
1440,JFJRF,101.86,  0.00,0.3,0.2,    4,    4
1441,wangwwmagic,101.86,  0.00,0.8,0.1,    7,    0
1442,PANZO666,101.85,  0.00,0.2,0.2,    2,    0
1443,SuaiQiBiLeng6,101.84,  0.00,0.4,0.2,    4,    2
1444,wasdjqk,101.83,  1.83,0.4,0.2,    4,    1
1445,AB123456CD123456,101.82,  1.82,0.5,0.1,    4,    0
1446,1640280,101.81,  0.00,0.0,0.2,    0,    0
1447,13211339,101.81,  0.00,0.4,0.2,    5,    0
1448,poorly7,101.81,  0.00,0.2,0.2,    2,    0
1449,jntmmusic,101.80,  0.00,1.0,0.1,    7,    0
1450,21839dc17yov,101.79,  1.79,0.2,0.2,    2,    2
1451,Hinanawi717_,101.79,  0.00,0.9,0.1,    8,    0
1452,Nangkopanc,101.78,  0.00,0.4,0.2,    4,    0
1453,wuchenggongq,101.77,  0.00,0.5,0.1,    4,    2
1454,zjc210544,101.76,  0.00,0.4,0.2,    5,    0
1455,9hjl,101.76,  0.00,0.4,0.2,    4,    4
1456,111qwer1,101.75,  1.75,0.0,0.2,    0,    0
1457,clcyqq,101.74,  1.74,0.1,0.2,    1,    1
1458,shenmogouba,101.74,  0.00,0.7,0.2,    7,    0
1459,DYinTianBaYouli,101.73,  0.00,0.3,0.2,    3,    0
1460,dwjxnkl,101.73,  0.00,0.0,0.3,    0,    0
1461,jm1666,101.73,  0.00,0.2,0.2,    2,    0
1462,fenglaj,101.73,  0.00,0.3,0.1,    2,    7
1463,aefdui,101.72,  1.72,0.3,0.1,    3,    1
1464,tian521li,101.72,  0.00,1.1,0.1,   10,    0
1465,aLongso001,101.72,  0.00,0.3,0.2,    3,    0
1466,y8foyqma3dhw,101.71,  0.00,0.1,0.2,    1,    0
1467,semisetuzi5623,101.70,  0.00,0.6,0.2,    6,    0
1468,laoguang016,101.70,  1.70,0.8,0.1,    7,    0
1469,yohumaster,101.69,  0.00,1.2,0.1,    8,    0
1470,YxxvbT,101.68,  0.00,0.0,0.2,    0,    2
1471,REFL700,101.67,  0.00,0.1,0.2,    1,    0
1472,ZZU201984200206,101.66,  0.00,0.6,0.2,    6,    0
1473,yang66674189,101.65,  0.00,0.3,0.1,    3,    0
1474,9587410,101.65,  0.00,0.1,0.2,    1,    0
1475,CUNABC,101.64,  0.00,0.1,0.2,    1,    0
1476,zhoudaxia31,101.64,  1.64,0.3,0.2,    3,    0
1477,GrayShadow-s,101.64,  0.00,0.9,0.1,    5,    1
1478,hhaddfa,101.63,  0.00,0.3,0.1,    3,    0
1479,jkhgsdahg,101.63,  0.00,0.8,0.1,    5,    0
1480,mlhmlh520,101.63,  0.00,0.2,0.2,    2,    0
1481,ldfbngib,101.62,  0.00,0.6,0.1,    4,    1
1482,TheUglyy,101.62,  0.00,0.1,0.1,    1,    1
1483,76387947,101.61,  0.00,0.7,0.2,    7,    0
1484,schabhicbuebfc,101.60,  1.60,0.5,0.1,    4,    0
1485,jiegemeiwoshuai,101.60,  1.60,0.3,0.2,    3,    0
1486,cylcjl,101.59,  0.00,0.0,0.2,    0,    0
1487,2005718qq,101.59,  0.00,0.3,0.2,    4,    0
1488,keyikezai2,101.59,  0.00,0.5,0.1,    4,    0
1489,1315201314,101.58,  0.00,0.1,0.2,    1,    0
1490,DrawingTable525,101.58,  0.00,0.0,0.1,    0,    5
1491,HirenBOOTS,101.57,  0.00,0.1,0.2,    1,    4
1492,1949-V6,101.57,  1.57,0.2,0.1,    2,    0
1493,jihongqing,101.56,  1.56,0.2,0.1,    2,    0
1494,Charon_LQ57,101.55,  0.00,0.5,0.1,    4,    0
1495,aa34rr,101.54,  1.54,0.6,0.1,    5,    0
1496,Clove1551,101.54,  0.00,0.2,0.2,    3,    0
1497,AHZJ612FH,101.53,  0.00,0.4,0.1,    3,    0
1498,abb0829,101.53,  0.00,0.2,0.2,    3,    2
1499,xiehonghui,101.53,  0.00,0.4,0.1,    3,    3
1500,Jeasver,101.52,  1.52,0.1,0.1,    1,    0
1501,clearlove1317,101.51,  1.51,0.1,0.1,    1,    4
1502,ASDguobaba,101.48,  0.00,1.0,0.1,    7,    0
1503,hYING08,101.47,  0.00,0.7,0.1,    5,    0
1504,tuifei0022,101.46,  0.00,0.1,0.1,    1,    1
1505,abc48ebL8hRM5j,101.46,  0.00,0.9,0.1,    6,    1
1506,LXYLYH6,101.45,  0.00,0.4,0.1,    3,    0
1507,PLAdagu,101.45,  0.00,0.0,0.2,    0,    0
1508,zhengzihao123,101.45,  0.00,0.8,0.1,    6,    0
1509,4893045,101.44,  0.00,0.1,0.1,    1,    3
1510,Baoenyui,101.44,  0.00,0.6,0.1,    5,    0
1511,sth47,101.43,  1.43,0.0,0.1,    0,    3
1512,jackqiong,101.43,  0.00,0.1,0.2,    1,    0
1513,gugumhc,101.43,  0.00,0.5,0.1,    4,    0
1514,Mingshen081215,101.41,  0.00,0.7,0.1,    5,    1
1515,Vme40McDonald,101.41,  0.00,0.8,0.1,    7,    0
1516,zaixiangtang,101.40,  0.00,0.7,0.1,    5,    0
1517,azuxieee,101.40,  0.00,0.1,0.2,    1,    7
1518,luo73125,101.40,  1.40,0.5,0.1,    4,    0
1519,Eftx7,101.39,  1.39,0.5,0.1,    4,    0
1520,acsadcd,101.39,  0.00,0.1,0.2,    1,    0
1521,7799666,101.38,  0.00,1.0,0.2,    9,    0
1522,2842a9b6aa3e8c8c,101.38,  1.38,0.0,0.1,    0,    0
1523,zyh7896548,101.37,  0.00,0.1,0.1,    1,    2
1524,3232598606,101.37,  0.00,0.3,0.1,    3,    0
1525,WOAISHIXUE,101.36,  0.00,0.3,0.1,    2,    0
1526,bais_qianli,101.36,  0.00,1.0,0.1,    8,    0
1527,efefadeqw321,101.35,  0.00,0.7,0.1,    6,    0
1528,HLHJKD,101.35,  0.00,0.2,0.2,    2,    0
1529,abotww,101.34,  0.00,0.4,0.1,    4,    0
1530,jwijiwe713,101.33,  0.00,0.2,0.2,    2,    0
1531,wngpxpuj8t3k,101.32,  0.00,0.4,0.1,    3,    1
1532,wswwj1234,101.32,  0.00,0.4,0.1,    3,    0
1533,needrtx4090,101.32,  0.00,0.3,0.1,    2,    0
1534,50191030,101.32,  0.00,0.3,0.1,    2,    0
1535,kingdoudou111,101.31,  0.00,0.4,0.1,    3,    0
1536,kpl7852,101.30,  0.00,0.1,0.2,    1,    0
1537,FayChui,101.29,  1.29,0.0,0.1,    0,    5
1538,tzbdddz,101.28,  0.00,0.5,0.1,    4,    1
1539,pangbai6050,101.28,  0.00,0.0,0.2,    0,    0
1540,Xdefengren,101.28,  0.00,0.0,0.1,    0,    3
1541,wykif,101.27,  0.00,0.1,0.2,    1,    0
1542,11141221,101.27,  0.00,0.0,0.2,    0,    0
1543,Hikari03227,101.27,  0.00,0.1,0.1,    1,    1
1544,HUASHANHUZI,101.27,  1.27,0.0,0.1,    0,    0
1545,ctsg11,101.26,  1.26,0.9,0.1,    6,    0
1546,w4985,101.26,  0.00,0.4,0.1,    3,    0
1547,gxbzsl,101.26,  1.26,0.3,0.1,    2,    0
1548,HSSHGSS,101.25,  0.00,0.2,0.1,    2,    0
1549,520922zzy,101.25,  0.00,0.0,0.2,    0,    0
1550,qbnnw46,101.24,  0.00,0.3,0.1,    2,    5
1551,zhenghaochen0717,101.24,  0.00,0.4,0.1,    3,    0
1552,Trjm,101.24,  0.00,0.4,0.1,    3,    0
1553,2004215z,101.23,  1.23,0.0,0.1,    0,    1
1554,ljjhbnd,101.23,  0.00,0.4,0.1,    3,    1
1555,zilong0626,101.22,  0.00,0.0,0.1,    0,    3
1556,Xxliten11,101.20,  0.00,0.3,0.2,    3,    0
1557,206256lyf,101.20,  1.20,0.5,0.1,    3,    1
1558,PaoHui321,101.19,  0.00,0.7,0.1,    4,    0
1559,GMH0910gmh,101.16,  0.00,0.4,0.1,    3,    0
1560,Fly9295,101.15,  0.00,0.4,0.1,    3,    0
1561,chainiao345571,101.15,  1.15,0.0,0.1,    0,    0
1562,sunwenxue521,101.15,  0.00,0.4,0.1,    3,    0
1563,Aurora_Lcberg520,101.14,  1.14,0.7,0.1,    5,    0
1564,200304-5,101.13,  0.00,0.7,0.1,    4,    0
1565,jioasdjioasd,101.13,  0.00,0.4,0.1,    3,    0
1566,ALIVEK7,101.13,  1.13,0.1,0.1,    1,    0
1567,terry828,101.12,  0.00,0.3,0.1,    2,    0
1568,banshan844959,101.11,  0.00,0.5,0.1,    4,    0
1569,dhrhbuA,101.11,  0.00,0.1,0.2,    1,    1
1570,vbnmasd123,101.10,  0.00,0.4,0.1,    2,    3
1571,ksir805252,101.10,  1.10,0.1,0.1,    1,    0
1572,ZDA7A,101.09,  0.00,0.1,0.1,    1,    0
1573,AOSIKAt,101.09,  0.00,0.3,0.1,    2,    0
1574,SATouKenSHIn,101.08,  1.08,0.5,0.1,    3,    0
1575,wpnever,101.08,  0.00,0.3,0.1,    2,    0
1576,330AAA,101.07,  0.00,0.0,0.1,    0,    2
1577,YOYOYOYOYQ,101.07,  1.07,0.1,0.1,    1,    0
1578,sunbingzhen,101.07,  0.00,0.6,0.1,    4,    1
1579,nwriver,101.06,  0.00,0.8,0.1,    5,    1
1580,yuanxiongmao,101.06,  0.00,0.7,0.1,    4,    0
1581,lbc115414,101.05,  0.00,0.1,0.1,    1,    0
1582,w2e113l,101.05,  0.00,0.5,0.1,    3,    0
1583,little0apple,101.04,  1.04,0.3,0.1,    2,    1
1584,Pursuitmakelove,101.04,  0.00,0.5,0.1,    3,    1
1585,RXGBZ,101.02,  0.00,0.4,0.1,    3,    0
1586,H929,101.02,  1.02,0.0,0.1,    0,    0
1587,zhangbaiyua,101.02,  0.00,0.3,0.1,    2,    0
1588,siegkli,101.02,  0.00,0.2,0.1,    1,    0
1589,0oNotFoundo0,101.00,  0.00,0.3,0.1,    2,    0
1590,Mason-mengxin,101.00,  1.00,0.7,0.1,    4,    0
1591,rumian2003,100.99,  0.99,0.3,0.1,    2,    0
1592,dsh040422,100.98,  0.00,0.2,0.1,    1,    3
1593,Leeeehua,100.98,  0.00,0.3,0.1,    2,    0
1594,fo0r4,100.98,  0.98,0.3,0.1,    2,    1
1595,xuxiao1990,100.97,  0.97,0.5,0.1,    3,    1
1596,dayeikun,100.97,  0.00,0.0,0.1,    0,    2
1597,sha_wu_sister,100.96,  0.00,0.5,0.1,    3,    0
1598,wanghaosen6_,100.96,  0.00,0.0,0.1,    0,    0
1599,qilitao0413,100.96,  0.00,0.2,0.1,    1,    0
1600,heiyingovo,100.95,  0.00,0.5,0.1,    3,    0
1601,SakuraLu44,100.93,  0.00,0.2,0.1,    1,    3
1602,ZHEN5901,100.93,  0.93,0.5,0.1,    3,    0
1603,rainingweather,100.92,  0.92,0.2,0.1,    1,    1
1604,MUVHP,100.91,  0.00,0.6,0.1,    3,    4
1605,toee04txeidv,100.91,  0.00,0.4,0.1,    2,    0
1606,5425363,100.90,  0.00,0.0,0.2,    0,    0
1607,Pizdec_Ya_Domoy,100.89,  0.89,0.9,0.1,    5,    0
1608,abuduwaxi,100.89,  0.00,0.4,0.1,    2,    0
1609,xu2024,100.86,  0.00,0.4,0.1,    2,    0
1610,6488455,100.86,  0.86,0.9,0.1,    5,    0
1611,neisheshaobei,100.85,  0.00,0.4,0.1,    2,    1
1612,xinyipaoxie,100.84,  0.00,0.7,0.1,    4,    0
1613,EmpiricalRecruit,100.82,  0.00,0.0,0.1,    0,    0
1614,Chris-Red27,100.81,  0.81,0.0,0.1,    0,    0
1615,jiangxiu123,100.81,  0.00,0.4,0.1,    2,    0
1616,zhany1062,100.78,  0.00,0.2,0.1,    1,    0
1617,MyDearGwyndolin,100.77,  0.77,0.0,0.1,    0,    0
1618,1444541,100.77,  0.00,0.3,0.1,    2,    0
1619,maplekis,100.77,  0.77,0.0,0.1,    0,    0
1620,dajige1110,100.77,  0.00,0.0,0.1,    0,    0
1621,lyq0719,100.74,  0.00,0.0,0.1,    0,    0
1622,usainpolt,100.74,  0.00,0.2,0.1,    1,    0
1623,zjy1307985260,100.72,  0.00,0.4,0.1,    2,    0
1624,LJD313844,100.71,  0.71,0.0,0.1,    0,    0
1625,23928br,100.70,  0.00,0.2,0.1,    1,    0
1626,zhazhalang,100.68,  0.00,0.2,0.1,    1,    0
1627,zyhhhhhhaa,100.68,  0.00,0.0,0.1,    0,    0
1628,wind-drawer,100.67,  0.00,0.2,0.1,    1,    0
1629,WLMZ5354,100.67,  0.00,0.2,0.1,    1,    0
1630,YNTYYY,100.66,  0.00,0.4,0.1,    2,    0
1631,hbvjvjftrc,100.66,  0.00,0.0,0.1,    0,    0
1632,xingkong1337,100.66,  0.00,0.4,0.1,    2,    0
1633,4143234,100.66,  0.00,0.0,0.1,    0,    0
1634,lumaowugui_666,100.65,  0.00,0.6,0.1,    3,    0
1635,erhu59485,100.65,  0.00,0.2,0.1,    1,    0
1636,d2d6d,100.63,  0.00,0.2,0.1,    1,    0
1637,JLGJSB,100.60,  0.00,0.2,0.1,    1,    0
1638,Realgangsta07,100.59,  0.00,0.0,0.1,    0,    0
1639,ZHANCHUI40K,100.57,  0.00,0.4,0.1,    2,    0
1640,LeeMou1919,100.53,  0.00,0.0,0.1,    0,    0
